62872901
3481784
8248340
21961078
52227141
729955
24495965
26632023
29134054
15455795
16285340
8504123
76471900
11860889
107881312
4333092
17197074
62077196
66142579
24786624
22574523
649090
1960020
26942566
43053553
7660446
2937119
30917291
8312276
15535866
17685100
25895930
95952106
23133154
61444833
301877
29510200
13624175
66851161
126711451
125363807
15665849
30027981
18991845
61960260
12675453
813498
32967768
11779304
45812070
5500299
10729873
35083794
32859665
34339819
15459320
18284524
26540088
31401878
18833299
5016982
6505088
25830246
8344545
12851970
5278660
18723948
19312180
6021711
17266428
160765744
2028162
28792240
46850076
114057300
27141211
48651293
40848303
57193835
59135092
10247947
9853119
24433219
21882035
37005168
10877482
17645292
106566774
5513743
44472525
12127722
626979
44903400
91510627
9118089
25217148
115027831
1450925
41110241
5705140
1067957
26115820
40620064
32772588
7556455
22241475
70240246
4868500
3671534
3170459
47551301
129822921
21929417
28196199
18534092
114148450
87272469
563429
45047936
45096923
44190164
20235474
13513912
3557668
18563286
47336949
89835238
19868735
37624349
27750063
12300183
16778535
11118081
65524606
51865076
31721604
23953190
11317744
13915691
12372374
8342048
60292521
59883892
46830177
14582993
12321043
1822100
515856
48377771
18532309
184312
1019959
74733159
25605733
20201368
15501181
91282413
11549940
121529670
33301882
131368
40002747
52482690
921058
38432077
54072931
46914309
43091721
23835542
33083425
1381629
5360896
130278004
32437197
28316320
29185587
12486655
29428137
96574911
6941777
33045274
12635986
93936536
24472476
33833581
9216258
4208157
16874731
11514725
12983966
11058907
2449439
28134137
37671157
13940442
91388242
24650539
25030900
45452019
34330026
3787700
25628623
26722367
33926656
23183142
88564988
5802118
13178148
49519675
41778964
57549698
35905629
4789370
8680582
42862490
16359413
61491239
76889450
10302018
48164700
14829835
16086893
20800850
28159886
39276573
21815193
271767474
14528021
1984412
13573639
91420566
18636997
11209744
14333836
7858867
12684876
10976198
27352461
54108616
43743775
37435883
11499178
50393896
17677273
61638141
47482014
20865984
132786203
45954304
68959735
79920190
28447411
69121500
2182323
55282473
57774
22976680
65980323
29451435
10751356
8983873
18826689
13684207
34083920
17628977
33085978
2730690
18355252
69061622
4329255
3600599
5288812
13947797
11890880
57366771
27260419
33975603
14610860
51120074
6574805
15771454
18272945
102907070
187773753
8544799
10470
25694699
33460879
69988142
82252377
24045371
33830363
93332344
87922917
44775847
4451380
7512215
82709625
1355899
90021353
64480844
9928400
3763521
1583429
1267731
19379837
1853161
14983634
17159206
19710348
20192214
36280245
42949455
23153134
60727468
58458554
24224907
30444266
15248950
18804541
7698007
88844777
119875966
8147100
3533796
3148799
11542239
9720422
8312210
19659382
5863462
16132237
22140822
21428114
11248290
18454801
18992970
88802627
78525247
3091672
30860547
100784833
115696226
654109
19778554
78790507
6618160
15763715
40151846
62250646
18440175
6888518
758944
93373128
11375071
16626876
4918984
74647803
114540368
4262086
78947738
15061300
16856642
28592896
65538706
138144362
71062688
138097041
15546379
83189439
28287168
1473299
73835608
72262946
35531290
52618460
7043966
8811674
72501453
86762397
52561936
3263655
50626737
123972249
121369637
11773397
31525349
29412555
147172314
1225954
17417687
26116661
41776324
6881259
13723274
50773086
19224667
30645307
14634133
38729849
10736485
23514960
33428277
5106804
11049795
58866567
87605919
17432432
24191312
20498986
36059485
31805384
48706899
15088337
18015301
20098696
17396509
54456426
67471827
11811896
2865477
9735072
112798802
426954
53326796
54579838
73064048
52942233
10308703
8953526
87963880
29865889
3024506
38785401
17748453
10261517
15777320
17481579
16673198
6905486
1337102
14408029
8952541
17624912
114356882
12794938
6828714
2688639
9524392
21576
53809966
15461250
4907473
2263113
2982329
22408432
2321419
41189271
65332332
13004113
93766568
41675620
14316054
23446890
2777181
20723489
20516739
2429780
18769611
56262303
26822806
89885927
9961880
48295220
31847383
4216269
12228798
2482073
76724064
12626474
26275616
11943710
69011669
124514511
3337475
68036573
23008280
17228787
17127332
9271649
28536661
17951684
103154588
173776464
14384273
81976671
1919631
63140812
30799810
36442110
46730571
161606
16028154
110188898
2199375
24966488
50561973
86243654
18787851
32397068
34006525
23093080
4949466
33463061
8628122
10656634
46478045
28588104
61194006
85291650
11888435
28306796
275953
77880249
34799119
118392216
63889954
10794584
100226503
7567112
131048473
16502145
42364786
36953331
11660426
10072148
8416204
45907160
6418715
109734001
2164563
5612831
17598280
1163466
15151584
31401618
22522803
11850578
13274431
90660468
3595694
15311776
47681659
75020059
5667930
781336
5945610
8334684
9761952
33913701
2471599
12585443
17789660
1520035
53947663
22188414
45425121
31314912
38519559
36583034
5420228
1169824
51646350
3711202
21610604
40940609
46604446
16148723
108571169
45765792
8516547
24754254
45741892
54715269
62390630
41070
21734310
1229361
9832389
83456581
12124257
142681183
80133511
13816934
36835564
37719292
119359464
1229676
21872769
2595130
25807349
9658513
205757274
9069153
36783631
16723279
32794625
10675573
15018272
12441942
20811951
2421908
34146342
13991960
14455934
35655693
87741338
5320599
23465702
9906372
10367305
12730423
11629989
25714743
30382485
42406240
2417711
3310699
49153846
32687486
8061306
48836836
46544059
34305974
50782537
53894137
10592536
58861851
2382129
2458612
60579311
26979269
9856419
19521419
5393574
83036418
13730740
13114352
48492924
17464508
14926978
3579478
11525135
28614639
5628858
25378336
27011593
70095352
50892139
8653494
26198113
8924731
28656215
48275962
3381901
13577199
157489944
23499874
6456969
12610146
73555565
2309190
10592479
2570095
11279129
12496288
28648827
930654
18207319
22159157
1206925
43999823
14459490
14451979
49301510
133765
481058
114571466
66221016
16654954
23162799
20395431
46033093
9290886
11651633
48357184
9726466
20809888
11312515
35867090
8767666
37467460
24174232
20615010
2520516
30579696
11637950
16702778
13478572
9356241
511065
10527505
476540
20902045
3238160
62514158
78707092
45109832
15409808
258242
7712
5381543
5156877
70672314
61648354
104614859
680285
3528688
15224600
55344923
11387929
47272021
9315510
11227806
89720519
26507419
140423092
24631790
19675320
183874050
24549422
7564049
6244093
111202
52839043
57555793
29680057
14793437
22974019
13039602
47864304
18140259
73508164
12041962
76042897
14070739
46387799
9306508
37255213
16145005
9216141
25929941
38290365
6524854
6215491
25445064
73527429
49183864
5048921
41380974
12302613
62663458
126983832
49342933
19584823
38868692
13824225
34876496
45102959
59617176
37815511
10966610
29402327
99727476
61348631
5197946
8275908
120779173
95123060
1015422
502791
4497223
4371133
10951532
60126300
22649855
45458000
2829596
59164566
17173379
33528488
9370989
35281227
2626905
25388056
46133638
89008283
19328069
49019458
30302785
16560360
40143517
54461508
4219762
26530474
65518831
58314795
11985733
13092902
2618414
761119
39761094
65826686
79592989
2430531
55604463
301765
12978261
4482741
23199277
3096570
11015000
60437795
118220109
40063890
116453518
17532063
28458450
47572483
40741364
38484382
30752655
15064197
94453297
24568701
43581960
27384493
110785786
10969524
8810845
71022020
69550466
18637325
11083571
18237499
2219443
8520430
34580831
71573539
52542087
47859231
6846265
37660980
44618659
9943363
4519894
17379276
7267780
859766
12170935
8977555
13699594
68977463
186617817
29115826
22466513
6551121
52177868
4757140
76455091
9947121
17227727
15428833
30040385
43668166
73634079
30015427
18993910
15110769
97904265
10502230
10594994
39898176
36516757
4566116
15103817
15067462
35944004
51394977
31982177
25549544
15696794
35605837
74983094
82913359
66279935
39049441
49135674
13628175
8515977
99759506
138455450
17928180
9853995
1393357
81480174
41428869
43598367
18213572
24433439
138267
35495878
19659395
21572263
1378644
81716163
159326816
5654764
134957936
11096979
28355247
215590
4431412
23814643
5149146
1404751
105595766
37088289
12623493
58280453
14730087
430021
59265125
9097319
78705714
6937228
27058353
11805517
38504688
31245497
18757728
45047901
73679235
24624331
166717
9907998
3597916
20350661
24697545
110887598
78912310
46615048
42826408
101379
22791668
1600937
6070380
45106024
9361047
23466863
1618388
51897387
77921522
15658521
18895297
2634501
7019219
4403480
89521305
17395007
21435747
29854417
36749693
97380626
31832758
17578053
27395561
7798722
3971835
43707719
16479095
38235766
6374169
14940768
2675043
23119787
9572293
5308551
54802612
11745221
36746057
10570307
8167901
26832699
11757598
37690778
9475029
1203090
14083420
18486686
1998329
6987159
7671255
55884647
14038266
98198223
14095900
46203165
11664028
17024995
44473974
10981784
2101016
1608236
35394203
18553447
13630336
19846436
2146671
18596858
35987624
21591727
181737326
10397817
21186200
29236558
47129274
12784000
100552749
6598056
57082547
20702918
78052435
16177367
12401284
46420816
2609334
31104339
44909714
14641700
89254078
2132600
11104657
6684588
17371928
35954443
17165530
3656143
10029156
37095157
14671634
155617649
57675839
2056731
118050086
86924980
77284861
62115934
11230302
13400769
58071360
9855811
20332567
13825785
16166134
67348979
19330844
7562596
5757641
35239540
1482178
4483165
41723899
68813662
13922869
2221604
4798947
102352402
82775718
2337614
18472632
7253288
31495023
68489956
32479394
185414774
15698536
27931654
14772435
61129345
1312473
16665667
46835946
16557913
53370950
34332134
14750116
18698972
1041751
19253893
76283848
28707378
49774631
22799623
14293933
72161694
1143161
92701580
5137543
102518088
24639535
67073270
68109137
17349318
8138490
35155428
17480215
19693766
44968152
15647958
19032721
128824158
54250431
5041201
37592055
10296339
4753752
39641459
110220085
25977568
51407069
40317307
1149263
41634154
57475583
60920481
5791263
34955920
12057545
14708295
24290245
3806029
72218592
42148938
122751449
27535865
12192093
20780342
14619529
11769424
1248465
59186258
10933271
5883897
29381031
58137661
38768494
6310313
28224000
37919085
36021413
25023020
54501579
40294908
75098200
42430868
26384032
8392761
27641995
21722575
36941226
23467132
40543722
22268250
23416636
1657581
7092429
509565
20825007
14842402
49507778
27547398
32292955
17161469
18866983
78668066
5116173
77207289
30657617
4358718
125614833
47062015
11316623
173224290
23244839
103100488
54382784
14864932
61430983
51799359
34061556
54735324
28592774
17390027
32732883
456066
50904978
16693663
20208026
14825323
8864260
55938109
2163213
10794359
12278761
15183895
4037875
6262872
30886185
34501108
29518375
115170464
118838780
23843079
5073599
12402748
22805729
170215494
6608246
93560659
3327689
16231366
64762759
11027299
44191979
1278036
28686794
30194464
12243820
47957205
1654873
6530955
27743826
25223803
13811582
52177760
32986200
27907651
69140442
7290046
924771
184306937
90914285
5851946
10467899
64840462
27946260
158094630
7082323
67954597
91721543
4761965
15847242
27568744
30259623
26922325
106953982
50084561
58014586
10140060
131257156
25243050
24679943
6519387
25997322
46566837
1911859
4064135
10245781
92509928
9612546
1298649
35046556
26682430
108984749
33498807
44200173
36575058
22367541
16563819
79257635
16183168
9059768
15462253
27760427
14348496
58299092
19108708
23276215
113839960
3100673
26031711
42656538
42264666
10686793
77794843
4550643
29726099
7153811
36864794
96772509
31733891
2819195
39521
15408539
6209778
21764160
130468678
22650551
14964009
11476309
1415009
95910478
42296010
41856236
25503048
27453808
37267068
7709867
42958853
881651
55812456
49886633
2279959
83459038
94873953
5955273
2726157
2056555
680411
2203334
6766922
51641119
9540066
5456585
15172326
4485579
6611307
2269671
16267020
3032750
2628557
15039040
69600431
47844566
7948831
23352153
22216312
125978570
13761164
5501709
21493522
113392131
18551653
11933021
137281189
7613573
3209639
24089016
6535208
72817
102507041
235124
45101125
7522759
50455374
30514855
84398913
12531178
9176230
30127238
9064953
47288957
20564441
11229800
18626996
188832742
32083622
30410631
100022109
19900160
35853419
1993448
8776841
6558544
3964624
11152442
94282425
57375978
195022640
72025132
13151613
24409974
83961488
35955098
66691078
14010535
72694699
23301301
13075489
17169246
112537082
11840000
24151089
21760250
15021328
22478463
11436161
5980647
24343284
1248491
127365407
30977518
25194248
53890456
66393657
100794252
16513956
8279132
23062777
171722
15394582
5682991
22437786
4617346
32945115
3142321
24073953
67300014
9765522
93048300
2227918
41357569
9822116
16807397
61491145
6284559
7287874
9780966
42726204
23153675
961648
51850576
15043743
22981153
22559376
8089040
47102441
16142582
31609616
96916348
6103611
12695250
21661461
33504262
3348255
85495613
17703879
60337449
2009033
24972464
288626
12252197
75152156
6554546
21796626
14397969
75450845
23331275
19996088
35198650
13811796
95209979
191785560
2980015
57033615
4807017
13938865
14390769
94978878
968905
90886660
28729762
51021088
5100628
112703529
3645673
27332708
8420615
32434044
2914853
32554592
185293607
13818424
3606737
101934812
100037641
156950232
64308902
42211648
9652392
25850691
11982899
5396249
26410531
16321879
16779531
2866273
47496720
41846351
449514
2327438
771908
4278217
5427438
50143621
21247847
36649349
12269905
16296774
1920947
32995280
17456029
17566683
24919887
22238164
15206104
8113079
5788990
9315854
31740974
16820734
35288026
954611
14420507
10910929
41339037
15848212
161444338
21263596
88023043
5807863
42508761
7207295
45015525
6168073
131853598
37798144
2917382
1644693
595228
13683753
19400601
53249039
11943384
20145843
49976149
16438724
42251178
40551438
28398551
38533826
35422201
52714306
88646196
3900800
32471993
11855667
54866689
17568693
7586949
15167728
13500494
7556702
6273774
47408526
91262586
22738016
58807842
56382681
7230009
7150741
16141815
97334646
751419
34592284
80168391
48669740
2974548
8112847
1305751
2038038
1051832
68565585
3735366
56921075
107220461
15783612
17906724
24415431
153319380
41329471
49213776
2751890
25458813
19567040
54502937
3478335
26147189
15845211
6841564
6762101
42031269
29850590
1634123
51828939
6672952
3594514
21671440
37168710
5716833
22289109
29773448
32110549
60441751
1938435
85439403
18677950
28862282
7246329
7362267
6526253
37098073
44034491
15646933
5337159
68029174
8517887
14225008
13180423
4064710
27504176
388888
18911899
357897
58134205
29494003
58399678
19673975
4642437
9515678
63661131
150410075
31278536
62818505
85367942
24512238
40660332
7007032
136680284
45776674
54451716
29496698
13978261
56278175
10640956
16046574
65678515
15109101
1338496
48161573
159354596
23252515
2002380
47764783
29307186
5191714
46361264
29186768
279312
20326048
18156344
77556335
50785237
4717925
21133392
37775931
36074768
84855538
83417024
647712
25096951
8679412
19752698
16612893
35060189
56015638
8770629
104538181
7875651
25468564
14068841
75872970
25722463
6915601
65878953
7571204
21087700
18875627
5161444
5391859
46673762
30421600
43504849
31879106
1156013
92431006
44575100
169248194
88103628
28471333
22780499
12260228
52785994
48001823
30160576
172491428
41221971
42033003
165673
162350251
19606841
14067487
2770627
13112426
7486561
66698799
20273830
15735990
190175640
57383362
20345248
25340805
94998276
35249634
31507200
11818111
74125263
61763469
64785840
22204134
28808605
33218312
28488037
116648310
29138536
67623153
63755585
24273750
126496643
5178645
69985918
27951844
8942914
24385288
5886625
23642854
19364450
26802042
70550991
94816417
10831692
30143001
2902961
6730197
14200379
16582379
55190844
20239639
32655275
64293938
8924205
34268021
5415060
604221
34520795
43672178
15513103
20046959
8201495
75565329
30215061
3721360
54983475
96175986
2139240
22406625
8056911
8755964
23742704
1905858
39277013
98427284
10991176
104405480
124608690
24255388
79293366
36290534
50932911
107340429
1533489
44924249
55084340
7353363
29611769
173880510
59115865
3531573
5000148
1760048
31829176
4635601
6083148
51888636
22268875
3155662
27177326
56543628
20039114
866150
74078947
40495815
42093744
51823766
29825811
3496585
182148829
1225885
45264915
19044182
11446823
178869826
57374196
29862627
21938056
10704643
37542595
21061921
16325143
63983897
7886703
42149698
4642781
55627149
58264787
14927437
17876889
32735797
12734545
35198830
44476936
5740668
7434754
12572301
6406681
10795414
13254791
4808352
21403167
31274112
1822714
45781757
69707370
70085690
113862279
33991371
37006246
17359070
21237290
33745011
1388281
25270216
19279869
121774140
9529020
21933079
8797820
20980405
79160570
34348175
2184675
38239980
183758
174179570
2600264
42566509
34285105
40280435
53018843
36683306
8079818
18583792
8686476
128270273
53958396
21064646
23567561
17647305
62142775
1304583
37625286
31213911
16081394
75376144
209109431
1284569
25776238
91394885
56507173
47642158
17901317
70765245
39348220
25982110
23381986
39880982
36950404
35323200
29553905
35506635
2153244
2609073
15042611
31531675
4953791
32039042
6128846
1621426
67632810
31024866
7911209
5372262
23945157
9895855
13402694
1306197
24717255
116638948
28491035
1394964
19168847
54760725
53857356
17122170
571314
122386411
12185806
36899547
74642818
46549326
14392964
114823843
26437448
105530954
33518191
10729146
2844782
54299527
15428932
113199530
13087808
37770778
3588727
23759046
68953995
93077905
37260
43415471
60011281
77606735
15856494
31288437
36136024
7152769
15473053
84139606
12417392
32629775
7891491
374810
66916
29963901
91724905
24043742
5805170
82777537
152359
20630955
36596317
16547754
10529419
22543560
40353617
106504416
20206051
15566215
64971250
24816510
59053313
36151547
50042010
18972280
20723164
15497558
5511928
28579645
7087917
29379743
51077821
31269288
12221379
7472771
52186627
2146022
8473915
164977897
21812637
66229799
136178642
19411739
680735
13375470
5531205
32013079
14684718
16205284
10581325
5124673
97821364
20933395
5264331
71787504
2472205
36812535
6970924
3028405
5556668
20757119
659786
8828699
75636800
37443043
15972942
30378374
13227144
48702252
4667884
13333996
31831843
3803546
37037261
73330852
27048826
9694744
2387435
24817126
54801295
9754602
30237866
58569435
27899267
62992999
57494808
121367933
12420810
19111657
125768804
14642202
523543
77840846
3865124
48670477
24468390
26257145
13640068
7941419
15849508
38428706
45147248
68579386
49131384
36217745
57041808
677509
21791432
23107222
1135451
33104599
48764908
50554495
83440916
10748885
14415423
130094380
34334930
47535314
14044779
2308995
5524563
15218346
45029213
49049981
103708304
119865
136451682
17262906
2167355
17466502
11069899
14659696
25027158
38111234
9796586
983407
1205955
1665938
9811302
7007254
5889475
21322521
39911947
5198153
5426303
16670308
16461746
1625053
50070659
75456609
4980697
44945004
26592777
13522707
262139
76272437
19458360
83298409
23976916
24748061
10579769
8851853
23463908
94677195
25803073
4074487
17014621
73530461
14022501
5481910
10771444
59264642
20520950
10696674
60938835
3550774
49196750
25794521
15025119
17467164
39298235
10225582
22527763
4796291
29389899
15549689
491851
71214267
2439556
95029835
32504653
27439748
51869249
44723271
4277543
51375810
42914661
3516138
7010061
2364699
1066785
21659953
89204184
19650387
113607319
50406693
2611187
27383683
1539924
1156067
36670139
21102448
16430701
8277556
14275326
35905806
126012836
15200129
32212844
13646447
7148073
4639160
38833720
32117877
66374408
46590693
37545637
97332405
24641316
410725
78390067
5719533
4886431
20489608
53516635
63800709
5336634
35643022
11336927
20176329
53655705
1825232
8713461
27215241
12286552
46758740
6176677
4975643
13207076
17929443
9316792
73404465
3575983
2535612
94110853
18164278
89312738
10594084
45606848
11312595
71319178
148735799
7987617
10437052
1114054
2953430
28680002
10889702
27132280
1092132
95840979
92948014
4191067
17716197
8540156
4653404
939334
11066619
14267057
1890007
8279203
50689635
41860722
2131738
15440555
18822172
43382347
5280356
39414726
1702243
23365612
25367330
4226361
1665196
22856673
25815375
12578805
9328830
1720256
13551598
60148764
1970643
10315303
14145005
52074899
17127080
84454752
47065635
10402786
27068096
53600101
6560077
19977948
48504607
12790690
40954947
98347319
1334708
30921269
15625944
48026033
43384048
41767325
98623
12721402
2048091
17987983
12950510
30338571
34636290
50182546
28265640
12375651
13497404
46077185
18151906
4790048
32044574
32165632
23594470
3558939
58871692
2496208
5454684
94332203
63905376
61590886
4708496
26333565
63410136
21464583
81012262
51175724
4855221
19692226
54471980
12069500
146601838
23067260
58516619
478599
24453818
18506643
25301316
80270839
131909047
22631581
73622438
6956725
15749748
7756617
56575811
320566
526728
7640279
87731222
42628485
39989090
5379916
20662828
20661278
20540963
14354618
5118339
32183745
8736631
542147
33261112
53083342
67984542
64762249
8113096
7406216
18129914
19658722
25419499
17468043
48583816
33445882
70088345
4507951
41974014
3045173
51230047
26783561
116850822
17172163
582808
1056645
29809983
42495264
2817860
24248
42312354
140081068
34809697
9122587
42622540
3405746
8568551
20829673
22072418
29526730
27634067
1393463
13603195
28023935
78019256
50904478
45120777
710440
37804646
5891879
11736073
27969102
86081
8109093
47328945
14922033
19637215
13711708
9215270
8936235
14200350
16824158
29734242
34215271
3358286
5186382
12552246
12112627
38195756
29055721
22845443
19932568
21581484
1128688
6250871
28279598
1680514
49486846
1614148
64620637
34581379
54165934
114456446
13497080
4744882
268192
73219336
64706891
18195429
35870307
85570125
17606209
1268955
11158457
21695912
2878452
99383687
784148
63030332
56884138
11394396
103819958
13038740
30696610
10082153
18300979
11964627
13117797
5639087
31538936
66553443
4423897
49395790
4849238
74172355
2396187
44461959
12291520
4285902
14271899
33171459
84250715
6592598
5294138
28595702
34278603
19829587
34803733
15022748
2158779
12567473
12073987
43632434
3776979
21588436
5886067
67362796
16310625
61614
833892
46819787
37573425
3250084
14600295
48928378
6790798
73840772
35823061
910117
255224835
53252916
42369486
15316715
38971036
11193591
22013690
16653368
22936236
91343759
22864064
38306222
7914185
44498929
13064967
27341583
2920309
21545983
29976465
19439483
74480577
26883092
14456755
3718569
7097377
74057169
29371387
2109865
22289188
33357819
48666492
147734468
8194638
15161793
3071942
7968908
60456658
6036617
21831062
27534197
10815615
4851591
5785422
24573025
7011355
83887459
16376114
22013684
52232785
11398622
15850730
193533264
27855261
20801687
10239629
2451511
27468488
53265520
25230546
4300083
11235326
27259286
26619156
16972120
110384822
38793492
160062413
41750870
13764843
73754109
23223135
6359358
21468513
58382350
2280266
17446139
4030163
37655804
17978202
9562314
15239060
26498016
1587524
8208258
21875068
343280
83054225
39388180
133932258
78742566
9101836
36920179
36328840
57042752
1352827
8417898
20907092
21660890
21489780
66054379
16155033
7194435
26704877
46425600
15425684
19987118
52716700
1753651
4632497
12099367
23634511
127410713
21355373
5947409
62164069
25569479
2232269
2641159
4074195
35820807
12113436
32078073
13052633
77939477
14002064
49821416
27286772
66427381
55487610
113755836
24626048
22179198
8835308
4623615
41546479
24730861
17139687
9630156
3755199
46691111
2361669
36729759
40954198
11575083
3118039
63262640
42204947
96159664
38563799
12471809
47620320
108937037
7078237
16687670
60579194
5802592
2568571
26394275
41100942
28253339
11057937
9137122
25094115
69245481
12959166
27985266
7098059
9102625
25624342
16212426
12540152
317126
45233076
36253648
30470840
9593074
4435123
29835333
13455652
4629689
68135594
15784478
12327527
50568026
27827872
37716439
30823412
96087756
1679027
18011569
12202137
17139204
14499198
1540896
13236768
18498581
1976859
28771571
8351813
25505927
58467334
120655929
71635288
27943514
117437306
7811969
67480668
2630118
22861897
9091053
2801181
2949901
121737790
315206
122376711
38749087
16469047
8098715
83195214
49739852
147932474
118184055
11680637
40990383
32571490
13118565
190598811
44534955
16657116
679162
49074322
15024347
6524811
19697583
2541306
134555793
202992
22607994
39393738
6056994
58695208
32592843
19893286
65189744
35986848
24339063
4217443
231042
14855298
11505822
24902886
2211146
68094793
23837043
29670987
1947843
37644633
27796446
22786693
61390806
8235086
18665844
45671730
16213599
4236671
18249628
67218194
54260646
2106845
25529628
22215016
14370046
31583676
3705278
73454224
23176706
22472100
1708658
10433149
33213264
50362732
23399053
13620955
2757429
30100222
56313115
34974746
9099205
25448991
32866784
30498100
14257695
59168605
653187
4501917
4963015
64165506
223881759
41781003
13491268
1026409
2897408
7771647
14454403
16661307
70953499
21892856
17047829
21086784
89045672
91273120
18436821
58993286
24819401
1135787
8468273
12799172
44615549
18394355
5020429
1657578
9058264
4707136
42479245
9339022
2391831
98763887
61556826
86746950
70747574
65147292
47436134
47068300
48900505
46151284
26788707
1455621
32514207
5349995
3036192
34810930
25236376
17636524
40044643
9891734
8001099
23919383
44174882
54363594
54336375
65827958
14510384
15336128
1316811
49428063
4357456
178282857
41452474
81305226
51932202
28128410
59500007
10389533
52926583
9359401
208234262
49565485
1203461
15672254
127946317
37856531
28707429
60836383
20642238
52256586
16044545
87586798
2279579
1161630
6745847
6545887
5828537
41711138
54234728
42505635
38382468
9828832
34050972
50364170
46751441
31119783
33764013
20167149
83555684
30796378
56284857
24127598
73493551
59659864
20646727
36683775
10514415
7019758
25047369
863421
38283641
37739212
8918882
23132113
23938334
57521171
39765573
28041007
43095800
79075662
31643741
10230138
5803511
7208945
23682719
8535389
9364666
10946791
22714137
5130487
4145163
37283921
13675274
61853325
31604273
28935538
14312829
5948635
15884981
34823467
1978407
29394560
5009503
34690009
2756596
27773600
42294757
12771007
16913512
23015209
23802110
53055558
65600081
2108840
50198056
793352
114910083
34524533
29587986
64247334
100704559
18485213
18561059
76259954
13431618
8982758
105786375
7037308
117704082
75248928
127436331
29127345
86019968
22433412
60916357
29012093
18631929
6324816
41480297
65669925
4330891
9653448
7789260
10485276
199966
1537195
32658795
25790305
5554588
44041219
26835612
6338152
80813840
10210187
33655314
9034826
27773762
42497586
1667780
34498032
91085751
10807418
32325058
86723753
33884369
18439308
57659121
21533550
30415414
14450644
79245052
24259196
80120316
4812073
27429116
4378716
18592384
29641341
5377185
30605441
45466236
22240766
7403052
14145427
6676260
43662756
9942235
51757587
2068565
22005293
8581171
30117196
29656709
10683065
18089102
186211965
51286100
4602658
617422
14964689
36177100
13886003
16388290
10587748
49542769
17992360
110700058
30552490
45835340
29302062
1739843
57607554
1857326
33323122
452081
2195605
1944894
239865387
31959837
21776940
11219961
11208041
15490174
30683619
149672196
543247
37600919
1128011
106574230
15931628
1954758
9238876
1172422
19152000
17201605
51167187
22862200
18797813
11273518
13835860
50020836
8277714
92765327
53253363
15425824
35737562
11048592
4002405
3943951
818974
7786437
2558446
38772640
13647641
135691130
23178342
42804469
74898643
23296449
114639615
24254455
10539428
37800324
76310084
184537
26152245
69155315
8758142
5610658
14319953
8990938
3307288
56525866
22836768
66485864
26100049
23003926
26060779
37192740
7621595
39007928
11476830
5261944
16115402
15353816
15616548
23603831
36537046
91197020
9229224
665107
6096213
15214971
52032754
4717549
121690121
32227080
11585343
37963443
8457674
8463977
8736170
157589639
15283733
55587136
37248665
94731142
989990
36154584
31514351
139749164
42743703
1802867
4729693
35229792
1909605
98059357
9182353
11227307
28967314
29998776
14257906
61524097
74643766
44570751
94731820
20685721
27393331
56599090
13960535
20260963
27502538
62605086
46785246
17302308
72095731
58272004
40124190
22263270
45534383
7868714
51362961
28007624
20791595
647697
44564601
24706328
462578
25676285
9575207
76854670
8214678
6555051
22023803
25308444
2187824
13367843
13917979
61059820
61829967
1655720
6546116
79041139
3175491
22108506
53472838
12402210
19504513
111692417
29715549
20363805
1135750
7916285
42632334
35105381
9326758
4365273
42078853
14151575
14393795
8085931
25783030
124246954
34471720
19115485
62135452
1730607
12315316
5910597
117372201
6360366
30445476
4803879
40692998
40083664
11401915
25924028
39725084
26630708
9320752
3251935
4349985
24635565
140942392
4152961
67169249
27787189
56538438
31632044
52130721
1354754
4839495
2095703
28355081
31643771
8675652
30983968
25917686
23322372
5308504
7980821
14677032
42862677
10309030
15459362
3354845
18597818
31117542
46098152
84002862
9621280
51234715
35151706
72735265
9644575
15210753
451606
18018130
11717260
35688031
28784260
42391152
22521681
86222899
3008275
112780432
76104919
37036188
32849753
26059544
55185928
1308167
6703120
89447606
3348005
23654509
57545011
71489939
21556622
23044014
3087912
16839951
17477712
53813005
85875061
31153016
568189
86605089
37667809
736582
209410670
5363346
22694239
20051000
12160781
8723170
3377207
28247098
19068221
4530983
27659120
23351325
154011238
5661453
76364406
31692174
14368727
6114108
982345
16708422
28282048
26008286
8877547
100131978
7060142
42838426
41693229
47513725
69586039
16866455
48160956
336967
7511710
21383067
64681237
18749786
50211145
14820412
1297058
83492219
45853387
2566405
3277889
16724953
102735482
13103905
3543288
21332281
7545712
10738929
133443077
25278608
20677958
61440495
5915284
50315940
28045146
49267695
78524442
17339728
8815793
21164001
40642073
58349212
36473448
4681368
32596548
22927564
6520754
17888666
548887
10184059
3987463
8075154
12228805
35118447
18224321
19827870
44814429
70692209
22330250
57338643
20271575
4239126
42799043
9427715
32015574
35455655
15439967
37379208
11621510
61351982
52369662
4798820
53000234
48323280
32914709
514341
22182651
46686601
19174235
11462647
7647744
6504009
12375969
9804279
3937677
15681507
6135021
12244864
27962807
35152180
2143211
10255919
118910871
101390585
46992254
122385396
52884544
15879964
55250716
14355038
6650167
10528665
7607621
45300401
72020252
67671482
14611059
17017690
2427681
92062187
5728211
173106016
77371149
56969699
54713259
13599927
80878165
6421629
44833832
35511270
16374117
21256469
23960883
3103758
13243238
24528875
6267027
58173374
9806153
27963216
22710699
42218165
33949207
9983186
1032191
37080487
39171019
40170318
42708148
8711602
70934745
42127501
14306364
38066194
9421377
51270337
45662121
66911544
966452
2176295
75242350
1004168
66855974
83280364
3221272
9915760
1226025
21581306
3784876
8611314
75246142
44983643
5214811
3120285
7102546
24177860
15767445
9581637
28550255
3559580
8734609
64608565
69229249
30171612
55336793
582731
30414458
230704780
68745505
18259069
19019669
42432200
32841547
37690156
18815290
19168333
36210744
24452286
19392219
961605
1064648
24417009
12246251
7656959
42444194
17190769
4182559
15899054
22139212
5737113
669553
3212004
43942661
39282925
20807286
34603397
2349977
10034361
46339157
33972063
54929869
17900718
18540112
63836257
87180067
32739537
110387501
54750127
51181018
22417800
66089076
13794073
251636
159056209
2062858
51813864
26745817
37603663
40426342
70558701
47270
59318170
6141909
17836296
126860
50340813
6298720
19860579
83130992
56697386
7504506
130274092
15979
2410250
88487969
38150792
19156454
5739081
57200157
2507983
80775670
46371314
11590752
7317990
10676879
70117938
75120510
15262171
43102891
52417054
42541366
11810335
25215343
21622132
34655858
32628784
7290915
24076098
146192
4004860
10152041
12418641
45724868
7965976
12300483
70053743
884792
39450805
33880025
26426804
63936380
45082151
21333336
62502194
13960187
4127490
32150577
8040008
60304217
93561710
35179915
5096849
43770178
4020489
86567518
13181070
114623931
34211255
8397349
29901222
60459146
2562866
1405085
38084077
12863466
33037736
56490103
10447945
7183488
11933752
31126528
18355310
36005941
38306146
55890099
15577573
19231110
12926370
1549920
40878468
45243605
21122382
42749426
29015657
38390657
63793828
33391968
19673539
28005012
24851095
3589708
44101094
314098
9985922
15170451
15913516
704901
24357245
75842191
12992451
60283256
40711864
73255892
33032590
14432004
46663738
6638650
39517310
27110660
37554764
33212384
59169660
5382711
41631387
2788770
10758476
41192281
376285
27406729
26596135
67327180
2989384
69863027
20175438
6668682
20394725
12731299
6231906
1698466
37221719
3165650
29267278
158576118
36290227
42859665
79009336
18617043
17543810
15718401
1254201
78014691
12109521
15698407
12761291
6852315
12025980
80152672
55316031
20176909
19494510
48162512
269333999
75021611
9634157
24585565
32352988
61724155
48384553
91409727
2936756
249068965
15212014
193762564
13266788
24549555
20083993
5313289
7512596
10796978
4538227
30020365
90060228
29841592
65224
73836240
97347430
9964533
84900999
14745398
26180219
24223252
2759107
5151052
12316347
10410158
112758965
49800517
22215595
63792169
14524662
16425021
24447682
19290273
6396976
38389682
13543928
59097934
40849186
2426657
73471588
29594382
7707467
27090871
22425809
78814956
12760656
73817864
46924306
11296596
160667
39609647
32840679
39989093
6204109
54103224
6281872
63838
102401825
38399108
14297160
15514167
8584111
3509161
545571
5069794
12653229
26157555
36024686
16257465
6156529
121500842
8259186
15193145
6116876
19431
34237436
29420171
32389630
21705632
115388117
18098007
11705235
2822429
1768227
2529139
6233629
3808322
68571884
8189620
64439315
12837015
20937545
16892872
5696419
7587915
94534392
9405363
5531457
28977826
5709659
58350752
1406651
108096613
3438445
53540354
36453163
11086494
99823002
2996548
54889863
14463362
2833449
69211191
1723485
36021817
68209568
8674557
42517631
19162291
57213292
52704863
20121523
31656578
75528124
12070598
7972070
33872700
13802647
2855962
48250102
16206778
11142080
8051752
14160758
73066705
17157267
5977973
15467841
1121924
33743585
13513638
4941877
7024930
57626166
97973946
1413196
254959581
4846728
48658724
13427957
41288416
13482995
1970333
11520067
27358157
54987620
25987655
18933935
29717953
80133440
14431257
71058386
4787865
10681584
20977065
594005
30209748
30300476
30911808
34196732
11872390
33169853
28893475
46198675
8572221
1167924
22644633
3908702
8621255
61932061
727462
35782556
97126566
880536
30320067
2948441
16757577
28626418
61537567
293351
17583991
16877119
8790501
29818626
80734721
103099125
611223
18161073
2982410
19715167
3174062
56694864
20499139
3165024
14248003
5896680
24287905
10139397
1614338
12102925
45627111
66635009
16882412
74982840
11710160
24234146
13029602
5347057
35622486
58857052
37567824
14454791
24423363
30988250
40759442
70619336
16352002
30693631
34247724
31944353
21646835
22980058
160161075
16037858
4067022
42728205
52861216
12796685
141921831
48171178
13033786
17095883
32038426
1197203
65768722
33991905
64211576
106129197
158038328
3633192
28610877
17032025
64760383
44045280
4856618
7095972
45909574
88967967
2893634
50616733
1563267
4646934
48637737
155623971
69964933
25286788
34346109
43609657
76614533
29616741
53569371
127040102
76343236
32098168
2625381
22384191
22685277
17081940
27262562
19030106
64903449
85150527
33580618
29873522
12982541
1948376
92734754
25355742
50582988
27325328
16631348
3077425
19010067
51088057
2803498
25804924
9812107
7633486
14080201
66582565
18734097
42320764
26516526
456417
180281642
46204845
42491701
79095014
14380112
326335
1059365
42846158
38924510
81674223
137461498
24684065
50765798
4889654
229601
19668867
47917336
677580
61026987
62297366
98255856
29744823
33221799
28238890
80574054
21657248
12294538
79473236
3157469
5632854
20026914
7368486
31449043
141206279
25930091
680105
4473055
47950979
5045667
33374715
10115596
52696518
10763492
22515476
20295166
15591206
58062604
8199021
45068662
4236901
64406039
3879062
15999405
32933908
78652947
67411778
16550408
12089632
3730818
36678301
20173162
106446510
19284354
33753611
16089210
27879730
55623033
63045836
58007021
43475592
33497933
10908026
2412103
5112527
1086980
30971400
8560275
20571363
51008036
9048117
14035389
14005379
41477009
4480670
117618331
83927901
21809856
72321974
37517857
7948410
54128660
25754527
32530583
20598175
29776456
104099267
41951914
61564286
58086437
32820914
34470636
5520811
13902102
32486813
41714572
13843175
11817988
4165460
6907278
21211001
913591
114754370
36151061
27649680
7470357
57438007
8292025
53604324
10120153
21122668
43915052
17583880
8459645
13827395
10343868
25617672
37372506
18489208
17870815
65860920
36800587
523667
4589076
16067303
10079993
66164558
31668309
13699035
72527804
78620268
14222290
8858831
13888004
7362946
22434777
1690536
17576299
6571404
28645130
61082213
69753943
24741238
23366650
24639003
2450051
28835911
3483972
55286880
31956798
69452507
9000916
30009002
180999212
1525629
24938036
44439878
10987446
23578503
2117425
89315829
22382310
76539456
8745032
58903647
2474051
123160725
2226119
47288401
8560749
48083433
80405452
19797088
10587862
51257072
16289331
41766537
17922076
8360817
9689383
10607304
69792478
25235687
8342311
3912484
3902214
10308668
11672089
554083
8560361
3592752
13802382
6753623
13415532
22996633
28724823
24559903
20043881
5467476
40157093
113253642
11161486
3877616
16128763
24260351
6288865
49768860
4754577
16756724
1576654
9232664
681564
21452014
12365408
11529682
23627470
27924541
61641082
43440533
55153840
27071060
19431785
8964960
1297216
13308654
22293507
2556062
17065521
4149079
1890362
8230560
32226614
38422153
1030243
19808860
9878620
58111062
22383570
3251610
41001762
19305200
149646761
31135811
11732899
6805750
24351798
441013
11198601
48311774
78854422
46377997
11598362
79953284
61950478
3889427
21519274
21957065
24466553
15095989
28254232
16364058
34142653
7134722
7497413
35509774
104881939
35142828
29445132
4996227
50566181
141477261
4321352
53090654
17767406
10827775
82547607
34865404
85020976
12312013
80960609
949870
18346718
34543692
41146477
9388242
67707861
2686239
36936463
43606007
3771571
51240732
245957
16900978
37353354
54008029
6336479
84946144
5127346
11159899
4171573
21431590
32015897
8310085
100143542
23061503
2903228
12448289
126742992
44403251
10120226
21335355
61339132
116745209
5832687
66826405
11744491
61691745
42399180
13560752
30226369
30814817
1624730
32746863
52175983
16939407
21775685
21429444
84739977
27018426
47684174
91874054
70127088
393364
23288244
33889207
54113151
12773641
1982062
9649235
37650383
120549061
81144263
45444651
37501818
27662266
52817259
1226188
19669210
91170676
133905739
26660042
4959769
1411425
12887724
14428980
17666500
48812943
45633822
9967766
75010800
17889135
39940437
1167220
55050741
46543428
3994218
128563678
75646557
25126345
3864964
7186681
55890240
11338563
55416378
38560553
65817567
197762901
5843794
8299465
99369618
7378367
66004429
16128911
51718969
35656839
107023394
45024101
13787119
15289115
47293039
3568999
24248871
9620830
78455521
33574400
67836456
6888454
18051229
22598227
24725569
1190970
29910489
8181559
44701198
39695803
55532842
19842090
54590230
19741866
30224012
15759540
47386781
21562075
212537
51389398
106430348
55087881
5359548
8735417
26313545
3276182
30916295
28229919
19248775
134849557
53928173
34329507
7225161
93335841
7249396
8536013
18533322
27952074
49291995
4830060
36276377
43407957
2720255
20592696
101435480
14574114
43466614
24742982
31987219
4360804
43382334
45709251
22530970
51517829
9087293
18932356
28216424
522695
25209873
26920145
99190114
33604294
33827427
25223541
9704734
7387014
13110773
33462931
2662061
79103366
19298539
69765445
57673836
11620421
57591537
24349431
7230333
1616532
108774537
9736403
9086926
3867077
3943796
1613974
10080780
6729923
12443916
20413118
23572948
29703905
12311005
52477147
37545589
9172442
8308729
10151769
23948268
7503419
35784157
29467914
3998303
2888064
3619383
3245569
26823584
9823169
22413863
16513066
80520867
17016053
18633142
30546169
72646227
1750929
14317373
9486878
60960360
99633265
9017922
4649807
1418486
23378067
120001556
59642074
8201744
22706955
23240577
41487113
36209618
10016389
24380353
31156915
27535089
74041528
677627
12238522
38009956
83960067
36156125
3490227
52756651
56504408
46612216
17893922
51713687
51902097
27319101
2671182
152805576
12138497
5088127
48053502
39143259
39118326
3654253
5064486
28542373
143206775
42396232
10292651
15945188
36535448
17172087
28443703
14264177
11644478
239830
72647028
19894201
4273669
911625
4623070
657771
1624351
2696654
686905
3975870
12988596
50810151
20640447
15389260
31348086
12911150
13769943
103790671
44351149
88475557
3450402
6558419
41004548
87855741
9174117
20252954
22343622
61025923
9148241
20305250
3519191
19608488
36129079
17277474
18819232
6115105
92174213
10335548
39565572
21266644
26294974
107604336
13439028
32762358
35270529
10932749
22061440
43434394
1829363
616285
15605483
175942337
30167051
33676194
30901872
64090068
17752593
161443
6785786
25170128
38982172
44444414
9930310
2924896
2118458
1812591
2080484
6919715
60962397
43632752
42209514
11013436
1514327
37888192
10566925
54364231
17670988
6853982
16809736
19329254
35226332
10527510
56988898
3753075
10659781
9822502
8438875
40235883
15325762
60275229
21484540
22198288
61381949
9442548
10247803
48435399
10914839
17748627
3207769
18192461
52119761
20508872
69331770
37253108
9760479
18580734
41442742
36307203
69129781
37135026
7492884
19489427
9788778
38533502
57505205
60281480
22092659
929166
64961479
22255692
38543115
516533
3250782
11412206
9061349
20983133
29737766
16079201
47005479
46220004
13551770
27623581
16022679
51123861
13576530
27003608
14691576
1292415
75181630
42960601
9711599
12529265
59258027
17095062
10432598
19738476
19065090
29969080
645684
2205802
25381373
1483353
9946235
34419313
32727704
25358340
140063849
20756730
22634250
1767812
59145718
53458961
55445075
129142
78749851
26932702
53401328
22916217
15634312
78313616
9412775
17060145
101169979
36285775
184303552
2621827
55309674
57059198
5003949
36880214
40725616
71614190
27651146
12016749
55203510
38032584
3866361
72844295
3951350
39343566
26689883
1005294
39102771
43619868
7579538
27479958
60646732
45459617
16744761
4424976
4832599
106307424
13273745
10573712
38110839
20045728
27174556
59542925
24249169
28279340
20238191
7548731
75375065
33533419
17431969
40648169
94458343
76668124
140908327
95094094
38343051
32237981
13443411
56693583
6416790
13135691
16775280
751603
31774111
42068485
16405246
29863633
40242178
27409665
52276110
15502161
14567106
418531
22288642
5619657
8624481
46568
7967391
8401484
73587110
20129097
34630399
206695
23114004
26301697
4678160
3464802
14391651
111090402
31855185
145480089
51579925
19532713
42787919
4885714
143641284
40990152
18559086
30036934
100192038
57823990
33535971
43653122
18255698
3876083
44567029
41590298
8047840
41146175
73522541
22708181
17509157
1258346
9096759
52609437
7856446
21002906
19234123
203294
21033748
38934674
35226843
10401338
398262
32202630
53871891
10137974
33187955
5532670
35968980
22591302
17219069
1243826
53220950
79638318
39138717
29775136
52598383
27143775
103702338
122502177
2765154
21869616
33949799
36291738
80163964
52678891
15403772
29553885
8289558
5239974
17958593
2178644
53538285
49459512
18625536
52509984
46346352
11879007
30540686
118867143
5202016
9494270
23500332
16971495
41529256
102862881
26469056
6253744
3705519
25582971
1339792
39825214
33973540
33153267
6455135
10347266
76003416
68987851
22645962
73948398
49427882
215424
10350819
78464755
30624400
30048300
83845721
3755812
14344667
11794969
8461108
407802
4181813
57462934
70476976
52707231
3913723
63603611
6768137
19255444
11348197
20684921
787602
26167522
263728
21364872
519085
18629798
4786901
146291253
46672574
3364065
109496155
3655394
73091719
1780893
22166637
11831592
107409
4831921
70280621
4851950
12579340
37574428
9161919
1608566
2956304
31752289
18950906
10147127
57996861
19062664
128737568
5588064
42701360
17800890
7401505
45961887
133619220
43914799
24885147
4266617
59662394
15686158
29158806
2745035
58667194
52100043
25043446
4948220
16003943
1803410
57514986
80002248
49473714
51262380
12953715
106572588
17908902
3596969
191407295
20063472
28300482
16156566
25716814
4340395
5621806
3716969
2913875
3870977
11806079
51228838
13414653
9490079
49110807
38128289
108017207
61280992
14198080
14113191
5989699
57717891
12919269
4996907
7704445
99930482
45790249
19960137
8553075
2615358
42355807
16875997
14184548
18609371
91364382
5042930
14786556
11937715
29342828
17306523
31483447
46129371
17865256
55947720
950465
64898320
7428491
2369954
4197748
32364228
2831955
58444742
32695395
6897369
19468652
6582084
19814740
8594054
83692953
22870740
29619625
3619010
36050997
10411793
14678785
30176646
15037175
44397560
13620341
5024189
12073402
21562073
3847538
53464693
50820288
65499221
11433102
31045387
76997632
2470676
18619517
30489537
24048357
9561438
17085716
21816064
18767479
10054198
33129997
18142723
18725080
61993730
3399344
4612627
89394713
60982488
14481227
73996796
41680377
7697853
12772604
48039294
1693461
4383882
30996120
87745508
38431447
5452227
84771258
40966031
4198427
18094305
12699030
29969492
1790200
7122960
1231254
43812052
48860183
4695252
31588688
29897376
7812549
22466556
2943804
28002151
52396383
16711863
6899664
5837291
51750688
2803302
43645035
5339077
5266576
33800204
22413262
27694738
41820238
60802116
1237028
28824147
13158491
16627187
63992167
43172809
118458896
25769907
28974140
8209381
46480992
19111496
29645979
2836204
41383654
10020221
32130285
49216956
40721978
38508865
63131272
30449809
24035590
53318360
28919046
115743222
24112722
40379307
5799302
10103092
153192317
21730319
718118
23879904
12670099
21756591
35302680
35882173
95747481
80036238
1728631
4252073
54378992
50862206
8220518
6518033
33065605
14662657
48422209
56587182
19474388
21587776
12413207
5231970
46923939
7492116
17194133
33306853
28914046
11824576
24392790
10462552
27438350
19202117
20909920
19811700
10118663
98286593
849934
36215608
83063764
71358902
47037328
86257078
57625738
22278515
22709098
9749634
7714017
9568952
19685023
36917028
16930226
15924214
85062258
35031566
35869419
19909416
123050970
41209826
14908477
49861471
98400376
13849505
18198572
42896607
8405651
53045073
11873802
7926175
4302430
9138578
14893851
5330943
30423529
28726516
3739397
70098861
9057497
1083310
10862604
58482607
56167900
80456257
41474024
12322709
6942646
22931287
18557557
10083920
137541471
485677
21717420
5392974
18362924
10372604
56754809
132236699
9404204
76392100
7067460
34402122
23808618
112354114
3052400
5086836
21805397
14976519
13272545
26933637
40804851
6357553
27286225
7542454
22618876
25223071
31416594
41754253
23224964
3513727
14573395
33227504
51674474
20923241
26459665
27306465
66017308
71656043
4364336
19846809
37939995
3885375
25823224
32086331
85645229
47821807
6105810
5216272
15745476
14754930
15436691
6315753
10429025
6482520
10868567
98391969
1700219
13332745
13094436
306862
66362524
58741934
1167083
39702625
13914890
36542225
7957249
28190899
23315786
57665042
26814510
16621074
43176315
25424245
118760683
42002444
14042641
61719316
113301058
56202449
42481069
677261
15003857
16605804
29960667
51269509
44735924
94480192
878995
10292606
28595011
132442141
75094042
12746240
101391352
41638132
7015593
11947253
48793907
25435733
7357917
5542401
11026347
41383586
794707
61145863
43987468
10448697
6415187
81003061
21269304
28512378
41010141
10291090
27779388
6785422
7607446
18030755
112538591
14511664
12143393
6566513
11905871
3447952
22503001
42767900
20410982
3028040
63124041
13562759
11779069
57959311
4605324
117846727
71106387
7544653
147304502
17641005
440114
55035501
13997868
30988516
7032644
11580748
132910692
1697769
3192401
9006691
32147435
2517124
8823396
24779387
69197263
49200681
25336346
60306753
22672532
4140701
34082328
54429649
65480259
17401907
2191275
28170051
23426366
39638687
19220792
55431080
24254847
90111113
99585585
861081
2625752
46277371
48103787
492754
30552315
36746669
6469424
85698316
3423536
4327584
7913980
52208074
14808688
37082311
31020044
38800701
3905111
90616913
30225858
8037385
4694417
49097671
97289175
31556385
28053713
48678088
14348718
49620146
3030226
1277947
84534177
154085811
7315693
74011486
27180389
37522550
23995207
51610653
26356146
12271020
22765367
25226848
77822339
25766485
36704642
10977957
4487948
4719773
45320918
2113783
24449752
17691991
19496015
93660
80405582
14980910
33727213
107163893
7631763
41626829
18546174
15827442
31532264
6851665
11421775
75330891
6707360
34277862
9551707
6326588
6647957
2796928
5320391
61790011
17660192
16918872
34083009
8120255
102493587
4975149
18090765
20240367
92526536
26926246
18607780
6847949
10318180
122442778
12407223
20085503
82616149
96927840
28905549
7573396
119149635
40925712
2530319
6027094
93159250
4406432
30776043
7558573
33121000
98528293
57102422
67467666
23323010
44137260
17979455
5995848
7652739
17791333
75990485
56936384
12379187
13578703
55196628
18927731
80079939
40218820
47846102
52526566
27599736
63858331
7494856
4760773
34399540
526343
39892636
10050803
20903105
67539985
3133413
70645799
34314562
1353844
327847
10467425
20012848
115232161
65995291
39700680
60082302
17237902
1381336
38494012
16483503
8708671
112116060
6416777
11212077
72470512
1856282
21259700
56358516
15665465
15563549
26011147
87486600
80849685
13229575
92956121
22270560
20793262
13945750
36688150
62367760
3179546
63783286
75250838
32294616
1922421
256679
43040247
63441357
19204760
17356398
121713511
30145324
110304629
55756859
12520378
2247129
26344714
7696950
92871307
14104493
60872064
3742162
25684870
5543619
26665647
94571943
117044054
5657575
35646326
22368849
12042663
20518279
22826639
45044369
61383968
70307537
12513397
27982851
81185837
9711930
26470311
45748092
2091489
18165642
32876161
467487
29624624
41205713
4142365
29329734
62655588
30899602
33059987
47643087
94012886
388181
26117300
13262637
17495097
27454820
34341349
3106171
22402001
15446528
39165878
31067009
104723467
32066862
6769278
43699769
5601808
16431291
35222421
37908696
73302277
12439452
23331698
60857892
6619962
113335720
30168503
42198396
54733071
11647469
32465394
14967546
22973566
19638685
16049621
21410849
19689614
8039038
29059806
18395167
45402565
2825525
64315371
19477995
14239299
68834653
11085782
3612212
37253396
50564476
31129472
48445014
11676526
98544560
90730297
17143516
101004720
31059836
132953320
105547686
59371673
992854
18301265
27463549
3524690
7226872
17003744
106288019
22385051
20943806
133236230
23891644
17102736
107995705
68378139
13863925
6781151
10972546
23016976
47980
13805967
12134560
56928625
11676286
21362130
96057954
41547266
53463168
41829296
69248301
17405585
55800789
17947214
6474309
5803465
29498264
64718582
11008869
60562133
103421827
65624368
15121923
26964238
16473113
5754993
2191844
58697028
56160034
179298644
29452982
15429896
1186579
16488521
82009695
38879282
59335407
72131166
2589570
3016098
24507058
36363591
31382285
18915432
22973537
20429822
7470460
18190784
2662081
20386722
10974615
3810481
38432703
3019785
7047934
31431295
18388707
22178551
39658183
12055144
39554371
144275761
10144045
30456739
38769036
107782090
109693866
11431515
13357681
964415
18072877
6532318
9055129
1084929
8429198
105854832
7997872
4855163
2894768
7061093
25189230
11846018
27682784
10442810
5531963
43096334
70240546
5184854
1775964
48773570
68740220
11216151
14469606
29405067
5173749
12855570
783945
134193223
56806975
24725017
45142796
71863281
9841283
7379421
23414173
29025651
4710104
8303949
47864291
5407998
78387743
31152283
16285576
22623850
19338033
34424760
99172179
7141541
21357510
2353202
173088676
22617803
27214676
780228
34786413
541177
54265065
34693302
275122
2824646
68418235
72663019
17800947
23941449
29386270
79750449
32482523
58358255
16181089
31018796
15220138
155485066
34001715
46889807
4744370
2918265
55397141
77430249
14968217
6127377
51603707
10777474
1313859
42282531
22712706
94958146
31852480
21926639
89730927
32066029
42244771
61188127
6712784
427397
2285999
2708579
13693074
18856478
67559729
9020139
33221000
23630594
22372684
58124851
12902297
2076352
44148921
22421409
79841780
22388192
33949511
20418722
62642453
4535007
36374491
75881493
37796758
81869601
51283052
30341369
68438665
47846697
13289671
59999230
5057783
27460704
9824928
11479772
62985460
12216737
19931859
4552011
48418984
15551242
3445387
13214020
8049308
22450098
12749925
127127395
4023538
30059807
12500296
61422359
44837837
6217745
13771060
66173548
15498517
2578417
8536178
59906442
80129432
23011841
150082483
1729629
50133682
49556557
9138837
53694060
1200571
18021725
11592280
157417661
3761803
1840407
13337652
230862
34451998
50180819
20998829
66283118
43217367
5067567
15443531
3962369
23461083
121877166
3661099
15769188
57072524
8438385
77606827
9277778
41936267
27073343
92025011
8751253
30269703
57500930
1476065
5138308
10736248
25664525
51704421
56319948
44371369
9110508
7367705
17644994
56680499
7378717
27438934
35308657
8799664
46020656
20958428
6652707
52496127
1005391
50989696
25860912
25352376
6497761
99305931
8575582
31884087
6695441
29323923
4583499
6052527
21474840
20773965
4613550
6670427
26563280
10667863
18862988
11293518
34900247
84295213
23059019
34712535
106766675
47307315
14912321
49116872
20375382
44760126
134172896
16010497
19593179
31763053
76408503
978483
21046512
10755081
8162322
9575501
10858063
13975359
4732589
34959701
10664182
2152156
10684171
1201708
2896545
21913291
30251948
33978901
121197422
98467769
20072553
46151322
21273285
95502666
13603408
18723646
992028
302979
22478364
5837441
11678926
79119579
9184564
1674826
105930915
25585643
4761263
23813782
20085803
66831923
598986
29123978
43088363
12039137
46077757
96740450
9717606
52804934
101272669
7845921
62537200
17830235
43056662
3981820
67414553
72140442
25769372
69544488
18136334
87311649
5567706
33081974
29674987
29976344
72729299
181363570
12576656
53507194
416882
24363336
4570873
4641830
5882524
11745984
14979863
12741796
49454267
68576699
11799356
98238166
49537243
46439970
33166084
20857023
17085796
57012564
4730538
38086832
19079511
20360928
1805503
13984765
12202247
15059775
74034606
53889535
26800995
35558851
15072080
10638616
19903587
33479350
42285563
18172431
46968173
4690917
8389527
83561582
9052940
144841
58695321
5525616
11651511
52404570
56335521
21905997
61424447
5601174
75751548
5474699
8597193
28252205
80303522
37736854
33480382
85253062
10963287
44601790
108368662
17695578
45086259
45009155
4449296
229638
3594264
3190885
39539079
7282145
1227765
19424263
125561
4428237
21851146
7308157
39387139
92760577
975463
68908307
18040234
29275625
22328379
31753418
1971143
16903397
83021592
868727
12526357
4105935
18423978
38180060
8088364
48725282
79731736
4883411
14230468
5586342
20029532
41466660
3191143
7458297
22400799
3808563
14949140
102824555
21730974
1502013
7836793
30951015
25433325
781584
9612880
12264704
75805800
23159892
15172202
18993982
4294556
28511203
62743932
34929871
20113163
89570164
35940653
7053601
64200742
61996501
1172055
15324966
11377584
6210946
66860258
82451461
33306700
13426652
2835872
47837163
38927467
914789
63799425
3386999
31486896
10346980
38521326
5878170
37460311
41196272
199247343
14802895
72628751
131022253
24250057
60412420
84800651
1819976
147884016
11659576
69859263
35202812
26155409
30180226
22021875
8175791
25543606
11925485
84237596
2332860
3516943
35124229
2762298
53618463
4275488
10033222
92736400
59375573
44420172
15545544
27551018
5232467
68347120
49900856
59043474
5142846
47467502
9995787
13893279
55642720
7549893
67010797
6450943
1814400
2308941
11248501
1129049
7553412
34713284
5912098
51314739
1668363
66020634
6099747
8846537
85201927
19579418
4542670
15043891
82767592
4162446
2981735
655151
50597173
19410636
113546854
14246507
22901552
26854641
44268568
4027668
62638216
31593218
4427188
120442701
66572232
2795101
1333688
74807718
41919929
118805826
41402484
30587792
4230478
2129360
6755941
27958030
4279173
76191501
2719391
54053609
8018040
34832069
5228493
10110472
26635362
1207722
44510487
51413900
128213453
14974993
115363576
9978993
17385626
24225001
41115278
50267459
12117268
19832387
74501862
18654469
15317462
51516264
30940603
14812243
11028819
23573959
39581848
6022444
67863439
3495180
22722661
8268216
46577440
42810936
52453144
85223250
115153055
7824802
4011182
72453964
124484681
11870021
17455855
34363416
73413481
18306344
26240338
30876676
53933468
20163143
49299110
47366811
105827
56112293
3165749
47224217
49075188
2249554
21729603
23072757
8027015
50142345
34552985
104871799
43058594
66306854
21196797
15986171
38981435
32575777
35115048
21313156
10639585
5693510
3289314
125786622
71988868
27121026
29254484
5497582
27368462
980433
30606934
20784047
12825229
10670659
44459838
26562982
16471463
2395729
59228064
12667349
92687693
39305635
55179342
102024564
6437092
57805748
27075143
1741836
1518884
111599586
34129375
70930268
1658689
50765003
45976840
41524057
8433729
19360545
10040850
3310381
23208777
39384788
25342314
19586511
20627676
16325781
24402281
44010237
12098557
10355250
15039742
1009177
64297060
596929
21570013
7627103
70580771
16554531
18098398
1228483
2383896
6759154
469454
18247029
49427923
6799820
31471311
2944361
2100842
874127
47183042
13039039
3407754
7147666
8545565
14842674
26489076
55129450
66470722
43406839
37386002
31437740
20100428
15855720
22727076
16174146
10202380
2579806
5932119
5234405
28771107
38764521
2676546
50635061
7277358
56554433
10175851
57656988
89347190
14366964
28614193
143663867
7161831
16522621
2324816
21024658
13620779
17958093
26158243
21725750
11047753
3780888
12206723
55407176
101240685
3383848
23211406
4746550
1996591
117414840
9025046
12955590
170329428
12440724
56544303
82317405
8776146
8913973
62436577
48212496
23084779
18338952
9661699
26790594
36737529
9048260
44858332
105255944
20809023
76559295
47639768
1354532
5506827
3597894
35936154
4481115
26147501
6050705
57282161
11656040
7481784
26744923
17311351
1599235
29754761
70712965
33925494
6585046
10836333
3298345
27121904
17891346
5247592
6665619
1809374
7425778
30260746
900872
21849638
18669161
86377690
25741940
20424544
18404542
19813916
2318700
38518199
15204330
22063918
76456930
56097520
8721035
3587069
10482842
16569158
11766166
32872369
68855408
26114940
34830708
31231987
12552198
43840564
10822468
31425606
15510201
31494149
42523305
93431935
60068821
38856621
92883
80923464
37330005
27031761
20206752
24120947
49955773
67739203
5438288
10884659
54860482
15142725
16419207
4838558
53709735
39069967
9765651
17357592
16773836
47178798
12488612
2741218
90501841
4195568
11228205
34020110
13299381
75074063
54203957
40477551
2520954
26310674
86710803
68849784
12504324
19097805
2894766
9825568
19887362
52923151
3384995
46387845
27794020
1416958
114406229
6729765
2263442
16217476
2119603
43741931
16995374
29821325
121265432
41944449
6210478
12683202
36313777
31742928
15248642
176045181
71120685
41799227
42985673
22408438
44788012
77400105
4364147
26685639
72969
44278816
28468003
3704926
44065553
77368322
57364469
9271747
17611259
43158032
77080373
50049684
279370
29701979
31368656
95879800
13962197
26056661
36357432
119652112
535887
87066565
22068472
5476897
50218633
82796310
16609083
75118724
59607237
170419929
143915698
36888469
5066970
10279936
1100445
10820401
46045474
42120017
7594228
18277747
119604627
84474636
10026629
11212582
23402758
1147607
42036561
11658313
22256310
52357677
2941570
35539981
43782483
17529030
63334615
50919834
21833183
22918090
34089707
64658047
17500014
26845879
1915770
19504586
16147287
19694858
30959896
8840061
16411121
9954502
16963573
111878689
31975881
39709900
38457364
3202792
3220333
6150965
13729627
11929085
45106542
10361306
91912755
2667072
85025926
714791
32190664
10608048
20593872
26289081
14358290
36397514
31204115
9185429
76963551
3403564
7188242
3275192
34382144
13314760
1829714
9949584
68801360
50132942
6431012
46330666
46071098
39603875
101400950
19314581
29351108
5600534
3439327
6698539
127022697
6444395
77196909
35444372
1789094
10509258
60370393
4473971
13835950
24100072
14631957
12336806
63604454
53986321
97374902
36263045
106061989
15742681
37967346
2295849
22683934
96252444
34246163
34432228
82685092
186493961
29731960
8829926
3632888
2044471
78563790
18431191
133014446
22726506
14191072
87272016
97154361
40353991
6454235
106203691
1862189
2210190
2694659
1692394
27767994
191558163
29827137
370748
74208511
56367378
97767913
114081814
173078568
67624223
3183585
56134392
1880545
13174438
8728917
647110
75383344
129843
5363036
14276165
73434798
39384951
3054025
92906157
9214855
27075919
76399580
60147168
62797275
31192569
38050305
16068306
4607913
18803657
49709583
44215102
27200681
15758526
185986082
10503082
38921607
30670336
101978281
12426002
55225295
65048956
8928921
28711865
58452234
10350254
6698614
5595521
47996741
21514208
59361433
17195217
19982291
8870111
68712010
17317724
22699698
34829059
21519867
5226970
4790729
70694140
121653053
11917554
26884196
51315466
104275529
51306529
72275157
20933780
68343280
30717480
35311802
18354882
30117929
23686806
25702442
79264082
52662765
14359074
3480740
51358702
106126667
38066715
34569298
14375611
16259023
2249461
32056478
37227078
87643538
21019440
27171473
78021697
16085549
9068838
12685120
21154884
59690548
40761316
46619311
36279848
14486191
52550691
4852499
121003820
38633758
17876078
56824494
10363346
3462869
6950939
37007982
2689560
8192867
56477462
23701621
6691032
42835555
3384964
944138
68162377
14147781
80033875
10512424
24771209
41526344
396986
18956561
17806083
36334521
35504363
8262417
16739106
11255705
971965
1731501
58647837
8010574
34475821
48976853
19374787
83628604
81861325
7967501
34255714
15217649
57612673
45442299
48102393
16719065
19563852
23893130
9723788
65698885
59188470
71286649
55671145
5098507
58282976
7201495
7251997
22961200
40231470
5198373
3731059
50595017
12040525
4455933
10977573
34311730
6350324
13451158
21218290
79806271
10651213
49660169
2662491
14032540
6152888
50522855
40287695
209952170
21382090
103083088
48192818
71957731
9462417
3427378
3421262
110218317
22430167
26785428
15289293
8136860
31533694
117733201
3234054
48689103
25806637
9242771
9247746
38198406
78656840
49216549
81919285
57773647
15064148
3196667
38904528
24787090
36182675
449047
5217843
36457301
1776019
46806656
49852609
21170412
21260771
75371027
19342572
5207763
20929202
7706753
30021657
22249989
5801578
9044747
28042592
44885081
51906537
13945267
6377030
41148990
8622326
42945101
2502405
15541237
4880268
27854351
13736449
90625424
102094540
13679152
25003770
2980739
3962442
12935391
26102377
41734173
12204961
1597192
97893815
10540012
2797059
73933271
61339854
23027449
91558879
52877066
7737687
11807050
3286401
96781966
77754176
23450180
54112028
17399319
71230032
22341183
96230029
11837072
91273190
8114134
8010000
1208476
5651851
61765789
57353854
52247171
51415574
38255800
45198396
355577
62417141
66782968
107968347
8623058
904864
4773442
7861476
32677208
28039017
5099849
23156490
51566429
9231280
14228925
2261899
40695383
72403841
79278773
48169929
45941118
4678384
16118825
2266589
22839050
50469262
5675547
6375419
20413725
90702507
26258366
433666
114052470
69329340
10903516
2252224
10868037
25616315
12266047
67583777
6813174
6182356
79328947
14605032
84687890
30182851
20986856
39223790
11113383
17110962
37911412
86259878
16723166
7308760
18743668
22983055
7602891
26306406
1367216
5381817
43072713
16930197
28595779
937566
4093998
20465952
69997438
20817
33236993
118826635
30136896
111000
45313612
7865355
1042462
9234507
60599111
36485789
5580421
28900042
3188433
32954046
11841903
74069697
100962240
126577
12475653
48912172
48687020
26294102
13456364
69498570
7125350
22479376
65570526
28446036
3105111
8826054
125635402
23938747
12694363
18066409
4991881
32843943
7931840
17438606
36687078
37436772
16358901
41910612
77660244
19250824
4413867
6376309
2854398
51304030
21581992
25043498
1066122
12482891
65324301
54042363
114458562
15350165
5260178
13480726
14408903
138699757
1932091
2713733
12074397
30150388
7282503
9140873
30151687
30875562
2513493
1802948
46131679
38040008
13137992
73217435
9162587
21393769
51186914
5748937
23422133
44010230
39852594
1767135
4297663
53071488
29833412
87111620
23394278
66966153
117216668
44295153
15130179
20040820
63949684
112785331
3136207
2506259
97773135
24683744
24192760
20109860
11053985
21282218
469844
99090786
68079912
27367405
2746338
97794665
4482719
2574349
4143625
23567512
7578728
10505444
52320544
17929562
198661405
10444536
9412113
12944370
10970545
21439731
20774492
27081563
23836352
14754199
18000204
15211684
21282101
196466479
11489235
20987971
21616481
26987669
34175514
5654119
6464918
38292314
32748263
59203165
16264579
449802
39532862
1916046
22185261
3970304
42821514
10228525
84343212
30451516
40997216
4717821
126705263
22241995
20457470
35109655
44066824
9124033
29426212
52459908
81264208
36752021
19818299
78010070
6511270
25051068
12971471
29796306
54700285
13775930
13865162
27782768
79564773
4473258
9523708
12804235
5078901
19044746
1751753
54039612
10537534
10138141
44707860
110807667
65571498
301506
11694892
18299587
12891186
15351059
13635801
40506350
4113602
125740436
12371414
10944467
59596781
53009920
18169711
64291441
8588892
64615514
51074367
53810300
3338792
11416501
166400845
34993742
1087691
16672700
1293812
107439517
19351381
78355657
32747993
35501135
23990093
35082555
27573335
43885349
34374820
6639042
4841347
40823332
18529880
16021758
2285454
172186148
15548833
23327825
95576442
124727329
37755965
25597656
16337033
8331296
1637354
35604887
75476778
409993
15213781
6036493
32124329
38057274
21590763
24154251
43431788
3083601
58701243
10467064
5908343
18889390
6528438
5266339
43232021
2160396
3734745
6881078
116560748
57284399
33440289
1553240
5468145
58976045
56214768
22774829
32275657
63574587
167006791
1331903
77710135
17789868
3942196
105058340
11768779
4405721
18387460
28460970
75946867
51049856
49193270
41693529
5326561
20288443
6305622
35016975
29597149
382288
28789616
2194296
31012380
46768
12405432
362996
14594875
54433685
49305099
120935988
12940027
76917669
27812171
7699103
77607809
10960272
49656303
86480918
41001890
42843520
857581
84298121
1171468
10541965
31102267
88484901
43657910
27412181
72002
29163926
18263555
383803
64553919
1781835
9580505
3302477
131958877
17607669
22430480
43355759
337344
26239609
39043183
43340349
84393787
22068505
56169191
11758394
25979564
28925970
17595596
3872435
34994935
6497289
16513326
21339941
42334189
2006819
24058078
16895098
12572054
13229106
10304760
11450500
26325391
61661471
7345669
28408372
24400104
19312124
4482351
653285
8549840
3658267
11144974
4175933
29615370
71648684
56499874
10706158
73095139
86017302
24969359
1391086
55891519
57041513
14423476
73266637
46541077
85954376
7529340
29855445
5865623
32823825
32287168
49116823
20665353
86674519
70596565
3549211
81455092
45503869
50825941
33291289
31405738
4867916
91286741
7316661
16154616
81818141
19786329
25323058
89144983
22184120
18748320
17246252
33625521
5776116
956351
12477981
4121247
27615289
80606010
16262727
8161413
73886261
11383937
116278387
2494070
17715391
16255434
50214058
9741790
12371192
80455882
97779776
13940218
210042932
39004550
68918615
11987548
15815793
818830
30060511
925618
37650064
16353075
29646035
13125648
6772164
39298366
27449373
25291302
6881910
17383240
17792600
205884063
118111735
31084769
5550795
50343271
5964869
143607606
7482085
18892548
14040169
24599868
18585515
74012832
3087674
62127242
13151670
43770489
20124396
4529058
24460538
2202748
8247187
16843639
28811221
4542047
10331152
18630506
17608861
45566689
16015208
1708545
17609394
167504096
71396569
18877942
76475660
10975203
39394490
18263273
34952422
49779597
22094479
132082811
9952251
58930260
7807572
28804477
13290513
27935203
23870131
10967759
7296928
34418742
26837712
15223798
25865068
519317
38534973
45579230
128047930
4649405
13128008
6670413
50823950
7420255
1753594
1553322
31533994
33071805
9909233
33833535
58381991
49512270
730216
45878434
2091555
972548
38690946
149875074
77256704
28093431
33653394
199972
87273200
5786215
76756957
12573301
135328074
65274337
46230876
60795173
8652977
20192530
10225006
81148995
15249256
11140670
31283808
2321502
12980898
6932397
3324398
9085158
134425654
8580197
57178601
17680427
10116338
8847141
21276879
17999970
31142513
6071177
509027
40889570
7666981
57459767
12431296
60358521
28750859
55347494
38691003
31450256
10657620
207543019
72129505
37002387
15719994
59025792
23207759
27185091
68001192
120314250
28929580
35961641
43758125
53969456
25161412
20418353
100021862
54830814
27652409
50445143
9948355
30445000
55655605
325986
40897700
34375821
32761296
86264265
15925714
105522841
58888931
23974021
25675921
49970282
5204024
1202520
13445332
10508197
44220052
12468133
21938802
47179267
42235246
19791628
7917300
1999285
101109436
39191375
19548118
17071856
512026
72788753
22178854
33214444
2073339
65673692
54687390
40310190
76095188
38013357
70989919
58342058
5269050
57541737
9130058
32337003
13025227
14345207
119928654
3862279
15524534
26203746
44602539
11207054
26120857
15466928
43585214
27035798
6305629
14761104
714502
34950268
18974963
28103574
31056140
61904689
62550525
33880231
18288866
12302264
131870334
11954304
6393379
192857
76402334
35626129
34415534
21511878
82634717
54415444
8033829
12593787
29015591
24206014
36533666
23596546
26052475
11653904
19623187
32301170
1703999
26555537
25349072
42269093
81199969
27459495
35176458
47092578
15004277
6829650
7128516
44243763
3487156
87693908
1506501
17651768
69340839
32744795
39135154
6469368
26609655
461987
61157674
13772682
81558015
13471521
5367027
37507267
38716797
8259777
29022154
50927884
55385958
23147488
2366039
2566488
135259811
4966037
30502771
2914679
29916102
36897387
62531521
17124081
8600591
27644295
41389129
4370107
32051547
22653508
158839891
80809284
2900188
19348521
72226351
2690796
90399976
30712518
45385920
67382886
25071632
25093792
49448302
8724277
9541191
29728075
637957
7808806
40699113
31192536
20393734
60526905
34083273
26162610
43883171
5750854
97350288
8026849
20898652
5108403
14875333
49362699
71634122
7628835
3464295
6407355
26480849
6035553
23583100
2202545
22235982
23821942
19135734
186620899
32757338
69183929
36420034
49883243
15923673
24894784
3176762
38231410
54248161
88570915
108066606
13021383
43355493
13879334
29222137
132033502
42162978
9090820
25464630
4143223
30676563
11352071
19272927
5438166
14157404
3427555
4404858
3296056
17190208
24801182
4899634
38323279
182535731
18958048
79392327
3544703
24448103
114552491
25234508
117344182
8876771
18513733
910457
145337988
140459785
12379115
17704953
5548528
25078297
22531948
36701240
21385215
23262323
47868000
18646340
6521585
10083402
19152108
23627342
9623709
42453224
57641598
6352975
5164141
28763195
86929101
8925230
510664
82315624
33175485
19465249
60418017
54142022
13160939
3396600
44914212
6062426
8733395
22988725
3426035
8918807
10995098
68720205
188513
35935323
38720428
39196672
4641823
363854
2686811
20680459
20839393
4329203
28421464
23095040
101213499
19506968
1656712
13643367
22722684
5418233
14968144
1275764
12527763
13341308
137323411
106551134
48416713
68953881
12203027
36762983
105877886
52102045
41034971
12456656
17522652
97651113
7590797
63148888
14085744
25273043
33636811
37925120
87182584
41085109
301213
29207806
65880286
20540346
56159519
25000314
32970720
52897422
5318048
10893366
212754
77909187
25806527
6583672
11768766
19418735
39318317
14371134
10834200
78401740
43947575
4118829
1754855
55889710
80265752
3187715
40947091
5659171
29055016
8462650
19620513
24350081
3632199
21810955
78443983
58098229
19601006
10644399
2889340
27402601
1414265
58196119
32402459
24500946
19279317
54891678
20861044
12461673
66548260
60988424
53208
16170616
8672519
50427776
19602304
10276892
23699792
48030403
28813611
51812643
26295510
42274167
2121853
14080470
21829118
7620092
58252364
28905304
16234723
49995718
89534293
11114465
25119514
19863169
24672793
19884121
110665177
12698477
8251104
56035936
43960484
18890936
5024319
38290842
5111921
45350429
12096450
13017458
94115046
33153463
18131083
40639635
82214959
2699792
113942284
764137
69741706
20899763
16881827
40770109
14777267
33340055
22872606
37932686
54445183
3458061
66685
22501170
36343791
21821165
2396271
5793938
184056
6726127
10908368
3173102
12764186
11830383
15223721
3828194
8035473
99953787
26755211
980600
63324845
15487355
44297498
5100856
20122102
18678162
48673239
15330783
27638112
26647855
8161290
64655804
4392096
11271699
58389276
94513620
7479257
33871633
70290405
3344993
58538894
16396700
16588132
36473019
20847723
1583467
121017
14065664
36997345
92132893
23755093
93389621
62755990
275631
47445864
4556702
69489362
10719001
86855472
24185046
65646125
27554104
7029614
1764732
18556654
102500691
12384828
35966860
45231400
48313583
3094824
10983261
12949581
7326348
1305078
3123767
4775036
2386527
3605864
1316616
87340913
35454503
10322282
69711239
27245502
27023687
39573297
27728386
113747092
116706742
7370269
23636207
19075998
13574318
60016767
37832311
2482394
39459543
7974505
9444321
8826253
89868454
40569744
18864103
35952962
56913014
38416736
17146612
26874411
103047220
63382683
69260696
90530808
8467412
27459608
16837960
2935116
28161154
67855487
13046902
111366762
12539242
39946044
75066080
56032296
15279032
7976914
35617705
11353508
4475167
33843255
10909805
58707482
19460509
1073022
75976437
111428511
665349
44671144
31728842
52517827
16182109
64964835
30522888
10815337
38956122
78134036
176484404
24891478
19731835
115267186
7634317
14536644
16173695
88779506
2454764
41046843
3327872
54550
81248403
326734
12212417
79693975
44907585
44122183
16656697
2155443
1087039
72469324
76603865
74804432
3000956
17081760
118047612
37207077
31966033
125491814
60427762
11347737
64649894
6739699
5582214
6197241
49798624
2029579
22805387
31715797
17176407
13794079
149559257
3813435
9554038
42307635
88022513
23498766
20121520
66842360
77511759
44148290
7932379
15936440
11201104
534017
16316943
3475818
4041636
73051031
36644949
18253728
5190637
88098225
3812015
30208781
39654819
20056671
30558680
19060122
1595318
9617578
637200
20154495
54869440
51660785
10705099
95053
3157007
66795637
33409095
115333899
9541424
14556312
44647972
11396163
46494000
130906084
1044907
3443321
5228254
18973888
31538821
15977586
14873895
1035231
82214081
12397923
18856822
6531904
638095
39223629
606540
29749853
4591613
45296340
13197700
70133965
57447887
41581572
55104637
39452479
34664590
26210624
57921244
17165223
39290058
3757390
47007960
20743318
64415101
6510127
3877
56095875
39370674
14832087
50584015
50771436
26011853
15850142
57734355
1435547
24891258
134907287
12559151
17648869
1482244
959096
2732434
52272744
1416282
17399126
4751939
11520193
105748266
41308928
7138216
17160336
116937668
45263105
5477989
19402876
33181420
57209174
10131049
15069145
50094206
13490565
1198530
13122744
35725203
31585610
104281754
35150211
1381941
22229331
24452859
6574121
55345598
45752951
35672704
49834977
270157
37076019
42502470
49906723
96206185
5826294
14787535
5106533
5346696
36579772
112143499
34238380
137312504
6926573
6790837
74733581
126661145
2786148
48277831
28729333
47948321
60340266
15443488
249895
15142286
12126379
66384184
18015672
48676231
9182855
76243458
30741706
56513879
82493605
11294162
2458308
23913945
44819030
77962041
32844986
12771208
17757550
1270277
505720
2719285
29454712
51722339
125887
4042075
47771276
116170995
24027689
9789986
27109263
42493292
8083644
14405305
44123459
18166320
17696163
188103649
76625935
2526053
30420730
22951084
11059275
14214538
49907797
10767921
41681729
3998519
6276503
16058642
16439088
22087080
62808144
20282323
34744315
29828339
40676630
2822899
2705398
24419364
26913732
14793357
48497127
15284843
9150781
114131816
83075843
4238032
19781605
6077294
35664340
18578113
1293011
8947055
29549767
37745334
14223608
37968222
123174176
26050471
66420749
18312897
27059189
50569519
2759316
34409459
25867713
9444339
2091988
19587807
8626265
34380601
127311186
17275744
13916713
90812564
20205301
57294384
108946104
43983872
30129259
44387509
30565328
74772095
3517682
11400643
85763370
46525593
39536914
30936299
11503974
23073983
52285515
32782217
85968685
10959252
61639521
79494894
32737591
87870071
3416967
35360467
30706191
6897459
5070918
113407258
23559000
45349047
73730696
236611
96741891
67750521
13234940
97844652
45180026
19858293
46544867
307669
47068549
25264418
34622496
11244529
9766443
4733160
43535372
10243723
111074383
56442674
57870603
592020
8712959
137621772
33082755
14888230
7414682
11642751
23913017
32625597
17448022
15306462
30801777
64806111
676955
5067564
19828769
13803226
37999433
41227162
88859332
118155049
9877494
57013608
9458563
14662391
28958409
12746157
15669568
12045478
27376570
73065304
30452257
63207757
4620335
31377822
37709147
3808368
30204384
9808654
14040135
108313
79248268
19159413
15184162
51783371
43527637
32297934
25291172
8186106
5724203
42569598
427528
22945952
816518
57411826
8488235
5071920
38102848
7929177
55411594
49660364
33855491
4167400
60702638
29040759
15234359
35692737
34147877
1360515
40964076
14948145
61753877
45785470
29833873
2002221
103694230
17552406
69614843
7352904
68594894
48524814
8891239
17057949
30851268
6134368
48527370
738447
21493788
8807286
60403531
15792109
16720008
22401346
13180638
57641226
111285291
8825327
7833311
6190172
10531286
15616376
7454421
13246218
30882263
13385408
2628908
76521462
46721165
51873925
55777138
1137598
28360565
22313722
55576573
59838761
19475791
2664704
72102100
14335099
69191700
54201910
26397505
28975311
31516311
37214714
1070910
25197919
2552506
28916370
2931399
2562981
2900982
53738564
28512477
75116511
2374578
15023929
41948304
50917849
9511747
12092932
63351341
116909337
10682857
7300229
45124628
53027706
3510758
11073742
89309495
7959560
693350
37948287
34182435
5281438
8749698
42592272
14216986
39290843
1709388
75990265
13282471
76494351
9343707
23347882
47618830
11826458
25118932
46844869
2939142
32295083
23736925
473419
29842311
4905638
8357423
8803736
39482862
4083236
27407768
13148874
53976682
93985832
9769831
2993669
18859824
37022219
723067
248732
25117923
2421778
1762925
10757491
73352028
58564528
10690196
34407917
1855404
27188244
67600456
45597002
87593057
38646575
62131720
16658858
42093604
10930918
8713336
54494872
31359506
18925116
22102779
27377135
25707765
115540015
89687502
65571152
8416909
8116855
38840288
2483463
23932820
17421405
68324391
16593536
33655698
34073049
42786701
15867708
20030163
171047744
5842199
26881190
75280132
5489547
44990636
30006878
11160092
18250441
13379452
4211865
91395710
83897116
7021665
3128422
5412766
6212478
11252719
31124153
95770105
17395790
42823812
10992199
51692528
60383824
46306312
15166025
9345210
41663368
19569074
21119729
36128215
37689579
6598425
12772864
14671547
68621774
88452900
94578225
2729824
49983448
11967304
3563904
27773167
56418551
45044853
15043761
83209734
27136761
82968568
35867050
17189284
23501006
10691291
60548168
27905211
21238049
73883126
19406177
20759000
16534374
73969909
78230143
16193387
3309102
8712720
10711082
130307753
30828997
100089975
20486967
103902088
22910895
15795648
9985661
35678505
28752528
175366815
101115526
61719006
7157998
24639736
16096159
10383692
218505
73659454
15869465
3238738
151350684
2340428
53423822
11763588
9637317
55207504
16838740
6697764
73010543
15780344
91319230
25155279
39118557
36619243
1165534
40898499
1527724
56668122
5878565
22179891
6373783
27015060
74252201
24162989
7794083
6389925
67206769
15628788
22286461
28596367
61618430
21401569
149907708
28131625
46434180
19612825
18066291
37288723
23822531
83954716
148199360
11543061
103360610
1416796
8429935
76566092
9744700
20312134
15285519
8631017
52501787
49300568
24301611
96247586
32810695
135022117
2844313
13224651
15795736
16791602
25910287
28202561
1508849
978000
2789348
31412724
90031168
31506176
26311391
46057846
15003468
51762518
9968281
6816317
135625
34432052
31130790
15224477
37054708
222586
67424472
33758996
43359642
13356619
24168166
16800204
26819854
16046391
3912428
69319287
37178862
80124434
58332453
36596116
30184534
7020841
53930787
1110874
8530614
51594756
43058972
53697602
4398518
9671502
2116088
16909224
34303039
9369828
103775720
23406107
10792815
1205394
26207583
10563790
13966027
64107929
83449396
36187615
150965885
35930198
46222271
120652143
13130905
9398096
974454
33968768
22733873
1649832
10637052
21529777
87606995
102681508
30903588
48858342
28597914
2062855
28776914
63451383
13509401
9932007
35981053
14486094
4843543
3876633
21961114
17058330
17785762
706844
32666060
20240288
18258647
3674035
44789827
14295292
23341631
35813857
34262601
36264760
24546454
11959439
20641997
169059269
25305885
36723037
3262536
21717440
13099234
24215841
118620366
78473021
36323008
3355334
70423548
3512979
10841119
49129131
13052522
6063275
30456488
3912725
29023971
62779545
22046981
63295830
26028867
34584663
7676170
10264584
23614420
5672090
5721365
2116054
7376112
14255350
23250720
14127591
20875984
574542
54599430
290075
24303375
58833888
35280525
30988131
40443311
51566772
63762942
18131694
30681392
19679677
49365717
2989044
80224559
29531329
1074826
13456018
18095351
8446174
45262359
459089
63951103
13768292
6367448
118175849
27584947
8790397
12149861
26085661
20158762
9150401
76861
35417775
2556613
11684397
3222243
1668358
88080196
8657253
62724679
10798073
5533314
28908017
35110492
153559491
53190826
38472684
57333884
152165270
18306255
31754919
9616443
5208640
5651636
21317141
29131814
81799268
4100783
8261262
11686941
73614135
8257364
15531481
94278472
54987368
28115007
119639964
9265301
71470735
3334040
18038711
19670227
15067551
903300
2341775
17761848
578117
45543154
88075337
73314374
12140868
104014736
6477991
17198367
122479977
98304791
1488492
55578614
111375735
1561046
85433673
22592256
6177657
26272517
2707988
60951459
6684158
25651263
29389006
46992908
6394887
68761449
1371668
27809239
5244542
14087921
17539171
70189965
47724370
6418746
5805181
8455974
35945430
5841382
5569878
57555715
36406389
29562430
4896646
15980714
13477405
20687217
6952278
8288598
68273183
52280624
31295584
30654390
4561853
25172740
93957497
38130905
8464264
28014916
1972244
5635463
18307772
62977000
3541875
74972970
32056578
12871623
17855269
44690312
8578180
70551826
1643929
19299188
37724683
19847027
7891054
43085353
34840900
9587415
87834841
11060940
1613682
71099448
22961487
36827815
131435454
32255536
96692579
33713161
33687505
29305250
30642571
3058639
99492281
56090973
14155276
54569293
942494
15421953
94567928
10853509
32102779
81487819
100737536
24062533
2452699
53817609
26616521
48010479
25028910
22969336
11633649
3005777
17908629
48788264
30231137
3376502
47585829
1775364
16725327
27281823
169862259
13822393
25250257
10796387
101218551
28777153
2401076
5782836
5353490
46038639
6922959
3121566
24264142
28564630
43841156
18324606
32311344
94734016
14817893
2584293
44236866
8763857
24158978
73415256
207633347
25686990
88783236
40900501
259820
34280873
21317150
4346123
11104524
829574
50090456
5706518
64806417
12206961
35630215
30987950
43051750
5620979
9761245
11217623
24354867
60400505
13240008
69428543
17015939
86037797
62285353
1700156
53674437
2154219
44721230
26353858
76410835
37371785
15578486
14640732
28450208
10564475
48524361
62284938
16359557
32740369
20973544
29797939
55631672
3179855
43129682
15245734
28477512
8370554
78391961
86121888
24217735
8887583
13207558
53100765
39130614
79077034
8789720
57007749
31152080
38354622
33570316
22287093
8977019
129207654
10950429
66980096
75112067
40800735
114793228
5879623
38212302
3758249
27612500
11721940
31534515
6204386
42541503
38083275
2218464
74112917
10989311
52409875
62303677
9673335
3526729
12591389
6845870
12072676
56495048
3997318
25086635
501497
23653607
44945097
39972232
42226712
59699545
22580631
29410944
40999524
14949451
7866292
16339750
54437076
32119223
46980202
973959
73474120
155305544
30295702
31794840
28732207
51549812
11673769
23176353
9836238
82327905
92664659
35396806
8394710
24328010
4829242
16706317
61080606
31082491
65497204
61753263
26402081
30868667
3833783
1296304
46569107
33517304
128288305
98342132
32960618
19564725
22449805
64602
13446794
85638587
41290299
10469481
69394928
18558629
3820009
51421367
103192766
122446315
78168911
77069301
13835498
13568967
3342701
99120837
7149240
26180818
11486583
8265479
44461632
14024449
4717290
9999663
72828158
51044385
2763438
46519227
17964015
47095289
55075673
53688010
41132625
21651282
65191537
26335476
22235192
50909466
12060814
6818676
45966712
58732593
10169862
3483374
81184183
690958
49975898
9423613
17011875
42419325
43823682
38348283
53907823
8621480
55533803
13302264
2341319
98016942
12413306
9864951
29288757
16099557
36407735
32405192
11327579
89302899
29727018
28257079
9125201
29516374
34293692
2444329
7622045
43093291
15118664
57804721
21834891
65689233
5302045
40918713
33534566
184173400
42348202
16362989
11458093
21287963
61682328
4607949
6642871
24302573
135703006
26506518
13747616
44166467
3876357
2652555
21083017
11285441
75849589
91364346
201378893
14068348
52699403
6344667
16773900
12957188
11422354
27358174
18318415
20153284
6382660
22888172
35454490
34056714
18173482
9589137
66719948
9980639
387220
12710838
16079720
1850089
55702561
13653554
7437682
52413
17287568
157470
61413542
79977686
10772682
10857408
14757184
1673291
11842273
59416761
37849058
68826547
40190293
47933241
719724
9956765
63045567
35725072
11703069
3818955
46701580
45787844
26404179
1973574
13440196
29326170
14451765
22397127
70896076
1411184
10444414
22447502
4471447
137625052
9618397
28965024
12325150
28316822
68260979
12875025
45827674
9273599
59860517
793061
4339634
19501423
26392697
37534938
41802429
2299094
31463174
11879233
10601980
5435466
22790877
14699239
8271005
41706538
39123970
78533177
10011678
4042831
105803155
80599588
9492889
2015368
17554642
679041
20787141
38415263
41728731
6823749
25673781
6342017
69075196
19962101
69991773
5614677
95973133
6761192
5665708
21232665
15368872
15716034
147306671
100920632
67952974
59514927
18454674
10369278
6648363
9147301
7302011
3226640
7011483
34716037
10128335
14605103
47915799
2951753
113421008
62860997
6960655
54588839
6726644
36115483
22499912
126237191
39139278
26193181
50481630
25665898
55759361
9977901
42478052
9213556
40412465
1734045
28609186
6649332
17563434
88053185
12722724
37428379
41407647
32873283
45696692
4917908
2186940
14533119
1389983
18083112
7881973
3512810
19285069
61737071
14900090
65717443
21690542
31063790
78232766
6957615
22470850
5973603
26718708
28749923
26658828
102228879
6084117
35177051
5773948
52008118
140841261
6648367
17329346
25991845
27697909
24153562
41464485
106049047
148982678
38484700
62355538
12565319
12031719
90330799
23347983
11606198
6300695
105086908
34355245
7715130
44671449
30914750
40375373
85883026
41299766
42809830
998606
50441016
60657597
71314538
54961600
41361917
32116578
31191402
5944969
231541
82894990
12660838
6888577
11981372
43964360
15743460
35457838
47418087
42846070
6799592
6230935
18904961
129271333
1947652
52829669
5580748
43472976
21948675
86598916
32365034
24747223
17665966
5913527
2390385
22943339
3503604
104117601
33372856
785848
4398619
7062815
7501610
23645439
76543906
1518653
40507429
8132167
27392930
84212972
90341852
22669087
