-4628
32629
-13737
-5837
-32495
-19058
-32577
-8646
-4979
-14138
26720
32132
-24282
30889
-32654
12939
-29911
31586
31176
1015
7730
32101
27024
-4444
18035
5252
15238
-5710
32762
26237
-19656
25605
-30206
-468
-31297
14285
-30711
15599
-28069
25570
-10864
26550
-18457
-5540
28631
-32372
32005
-10731
-32472
-30715
-25192
3374
-18796
28150
-26161
11817
-31519
-14044
-17486
24176
32308
32750
-26433
-8849
13657
7599
31007
-26893
8148
32415
-6839
-2179
1639
25404
-28178
-32491
-346
31793
32717
30849
32583
25115
29573
-9313
31659
28356
15798
-15618
-32640
32717
32643
-32077
32416
-24137
30971
-18631
-13894
-30585
-32612
-24180
-27308
12673
22240
7290
32300
3680
20490
17398
-11358
31293
-5184
25487
32195
-32542
30255
-18029
26882
6737
28689
14814
-13385
3324
7155
-31711
-8008
-6827
11931
32470
15375
20335
30118
9914
-31427
-5948
-28571
-26258
11175
28560
-12310
-28958
19548
4270
-2761
24336
18830
27532
-30174
-32692
-16293
-895
-27417
-25550
25126
1526
-6992
-29966
29802
30711
1689
31318
20793
23543
-30934
17080
31815
12517
32556
-25306
-29401
-10639
-27656
-32665
-12740
-19325
-8573
-26676
-8836
-32757
10004
32768
20754
2677
15222
32051
8169
32605
25981
-32768
-32704
15720
-5899
-21623
-28015
-20463
15665
31084
-5914
19454
-15902
-21006
-30340
-32588
-32422
32682
8303
-18343
-21844
-4547
13253
24212
-17058
17600
-30628
-29853
2473
-32415
25877
-31116
-31882
-27789
16500
-3331
3733
-1238
17195
-22914
-25677
-28330
18616
-32209
32236
-1385
160
-19017
-5967
7681
-31612
-13908
-29844
31335
-31159
-3933
31879
-30692
29698
29875
32703
9452
-31927
30033
-28675
-28260
20868
-15305
30423
-31218
-31853
-2680
9704
-8643
25487
-14141
30831
2883
16244
-30895
13837
-15461
-16361
32041
-30730
-29780
-28797
17307
-29342
-27654
-17998
-32749
32765
13008
-23061
2257
-20318
14814
-30889
31470
28153
26231
-24387
1162
-9803
-15074
-13112
-26504
-214
18750
29894
-14064
28516
-15402
5193
-2899
11714
26032
-29244
5237
-28500
-26986
-29838
-11396
26481
21248
-17007
4547
-29857
3584
-21008
-31148
11822
-2727
-7167
-13979
18265
10085
19001
-32760
-32683
29580
28975
23090
20190
7687
32617
22224
-25554
-30317
32718
-31701
18876
-30419
-836
-22364
-20187
-817
1388
21751
-27301
-9024
-19152
-32759
-32755
-17893
-29539
2952
24558
-2486
30496
19837
-31912
30433
32176
31475
-13268
26261
18530
7727
-4500
-31314
-24171
-19502
-31306
-32759
-32590
1253
12059
-4410
-17671
-5735
-1881
-28004
32612
10431
30716
-12159
-5713
4640
23164
-29485
-25288
31817
32766
32050
-22952
157
-27128
-14932
24744
-10790
1316
-12858
-31958
-27367
-29773
-32766
28249
10129
19533
-31239
11620
-24303
-28084
-641
-21716
-3702
-28936
-19490
31375
28436
30748
14135
20056
-15127
-26968
6867
-32315
4696
-3640
32674
24878
-16201
31842
29595
3015
-9995
-32465
-21560
-21370
23793
25607
18891
3615
29581
30726
-29909
-30452
-26327
10915
3384
27618
29655
32118
2680
-19088
18631
-27676
15149
-21908
22602
25256
15533
-13066
18255
-31665
32396
-31635
-27343
-6232
-32289
-31433
-19862
26331
-30015
-9337
20554
-12980
-26900
-26209
28758
23846
1335
-25827
-31230
22661
-23363
-29669
1918
-14884
-1831
29785
-29072
16768
32221
29605
-27627
21894
31552
32747
861
-28544
22488
32748
7883
-15461
-29872
-20984
-32397
-31393
-5376
-1077
19974
32747
29866
12951
4746
-29320
-32121
-24784
28433
13617
-30510
32659
32753
-12708
31203
14553
10678
15397
-21176
-19183
-10186
-14135
17355
-8912
-3702
32767
-8703
-29917
11246
-26672
31578
21140
32129
-15427
14744
20620
-31859
-18991
23197
9395
-6799
-32503
-28829
13325
29943
-32677
23308
28414
25117
30443
19847
-19208
-32732
-22652
-1627
24186
16269
-10965
-16846
-31887
-2141
-27804
-22382
613
32472
-31675
-2887
21903
-27971
32766
-30940
18595
-9196
-22045
-1881
8443
-28505
26707
30497
21112
29946
-29882
-10841
-22740
13451
26574
-13740
-5376
25039
3974
30272
23950
-6097
32624
12850
-481
2357
29436
-30552
-32701
-11998
20476
-12670
-18530
-32693
-32718
8433
4245
-3080
-20095
29462
-18716
-12325
28761
22934
16312
32640
-22256
11255
-14480
-15877
-5531
-32096
-18281
-30923
-31934
396
-14845
20815
32299
32705
-14395
32293
12429
964
-31029
31335
1868
30135
32613
19327
-25101
-30560
-27331
32648
-32726
-15599
32423
-29051
23741
24825
32677
-3730
27332
-32757
-18335
21814
25069
32016
12496
32764
-600
-29403
27239
-11157
-30969
-21983
30917
-8852
-5385
-29611
32569
-21114
27899
-25988
-27522
-30237
-32085
25061
10111
-27286
31806
-6390
-21329
-12144
-26090
6023
28724
32584
19756
-7467
29744
28701
29204
-779
28311
-16099
-377
-17472
32615
18873
23244
-32236
-31648
6630
29021
-26621
28191
30226
-7895
30058
-15355
12162
31858
32658
-32766
19884
7470
26970
9262
3765
17209
-14705
15907
1325
15227
19976
14344
-16263
-9428
-25483
-12653
11202
20283
-31645
-31474
-20649
32735
-13247
-16397
29704
-18757
28497
25522
32148
29109
-12569
7014
-1037
-32570
14466
14528
24489
-22323
-5933
-19340
-31860
31584
-31853
-25405
-31369
-14036
-1181
-12965
-11361
31415
-28576
-5584
21358
-25170
11116
26705
5676
-32734
-29707
29776
-32321
22552
-18187
25827
-6870
13982
-1008
-7547
30820
437
32026
-25896
31985
30802
-15430
24496
32755
-30801
-31971
26845
17961
8625
-31099
32741
27493
13442
-32614
23343
12441
-32461
-31528
-20160
11010
-14671
7721
-12094
16064
16467
29306
-22138
-22744
-19906
-24380
24951
26142
-8279
28986
9629
29565
-28859
-8527
-32717
-18027
-22034
27220
-9184
-32607
346
27569
25059
25628
32641
-22547
-26856
-18247
23206
-11705
-7525
-24556
-26374
32394
-9956
24986
24707
19653
-9030
26502
31963
30458
-24874
30428
-26970
-27211
14098
-25658
32504
-31616
-32762
32594
-32671
-23405
11934
32232
-23842
-1680
-27119
-32312
-22307
-23398
-5379
-26112
32341
-15383
28071
32746
32270
-22963
-8800
-32230
32567
-12045
21498
-1118
27445
25423
-32060
28392
-12240
-22606
25615
20909
5249
-31151
-28218
32768
-32624
-18405
-22478
-23106
30880
-12383
-32721
-22749
-11679
24531
30137
30986
-21992
-14163
-32136
-30948
-13990
-12015
17061
-18559
-25006
29408
-20402
32551
-5812
-11458
7088
31248
5230
-31888
6707
-22559
20061
-32460
32713
31632
-15940
-19879
-31306
28508
-13023
-6943
-23821
31243
-11343
-25469
-17029
20642
-11705
-10823
30979
-795
11778
-31280
-12211
20115
-32099
-32750
31772
4730
22545
32407
30673
-16900
-26107
32667
26956
-8649
-31512
-32767
-18322
-11664
-12957
-4463
24278
-32750
-15552
-25984
-18048
5190
-8172
31370
-30527
-31184
-32631
7529
14962
-26528
858
-17419
-27010
21861
-32309
-20639
3412
21080
23939
30285
20093
22410
7791
-32559
-31649
-29663
-24761
18907
28151
-13908
-28472
-6504
4011
27691
11714
15488
24171
18403
-32329
18307
-28183
-2705
27776
8053
31462
-967
32747
7443
-32695
-12377
-15046
-1523
-32069
9
21880
-609
-21706
-24418
1285
-29125
31911
-10609
9848
29961
-1793
28513
1275
-29875
13757
32675
27823
14570
16884
2570
-12531
15781
-10790
30745
11293
-29489
19022
-23584
-30454
24713
-17772
-15718
167
-16380
21737
18249
-27205
-32088
-30710
-32743
-22835
32729
13345
20700
-30145
3037
31828
-23160
32493
-20023
-30434
31345
-11001
-27479
11225
32760
-8740
26288
18695
-23589
5187
12569
-15921
-3002
-26107
13428
30971
-30453
-1630
-7348
-16956
5853
1925
29966
25971
-30100
19429
-25693
16337
21964
-31063
-18737
20848
16138
138
-1366
-8236
30521
-27457
15607
-23259
-27550
32762
30880
-32260
32482
-32370
-23146
29847
-31007
-27744
-29886
-25445
32319
23151
-17395
-32096
-20343
32423
27925
32689
-19520
-17179
-4080
3418
-7953
-32765
-10428
-16508
-2683
-18335
-6457
-32313
11590
-26931
-32447
-18953
-26933
4123
32327
29097
26348
17655
27388
31930
-30994
-27979
32098
25421
-18572
-18799
-22203
-25619
2508
-24925
1307
-26141
28036
-20148
8047
-15316
-28940
-32766
-29862
6229
3293
13531
-32768
-23272
-32360
24600
-20969
24806
-27147
-32763
-32757
28927
-13568
-32293
-29306
6340
-31357
-32745
-27144
-24330
-29599
-20367
-32387
-28335
-11228
13545
1573
-15784
-31217
26156
-29715
12870
-15798
13313
29477
12033
32453
3952
-1843
-22357
-31988
21732
30574
31679
28358
-20868
1517
-21538
-16481
6328
-25158
-27265
-26366
-27783
-32494
-32050
24973
-32080
-6873
12147
-10016
28964
21370
32449
27472
32719
19070
182
20095
18494
-17018
-27724
-20950
-31185
-32763
-31603
10153
31264
27035
-28734
28668
-10588
-26976
-30844
26632
1702
-32750
-10365
-688
342
-15831
29406
-17432
28923
3805
21571
-19766
-24896
28159
-32131
6568
32541
-27253
-16252
-3709
-27496
16641
30904
-31732
28204
-32753
32293
-26934
-17531
26478
32766
-14325
-30163
21313
-7320
29205
-30695
-30513
-32640
-4292
31327
9593
-8625
28471
5871
-8694
18016
3080
952
4313
-28599
-31886
-25702
-26924
-31875
-31285
-2436
17435
-16822
17634
32252
-11125
-4827
3137
-32545
28880
13334
-3971
4755
8318
32584
-31391
581
-21179
-31467
-26552
-16206
29609
-32288
-29431
-30326
-4559
17896
29773
3262
-32472
-19651
-5388
-32268
-23299
-13167
-32243
24159
17809
15720
11429
-24140
21830
-32645
-8876
-30118
-8746
8242
30943
-4690
-30806
31783
28528
-8994
13198
-31187
12667
21938
5246
-23965
-17088
29035
-1081
-13494
-21678
-32143
-8552
-25530
15585
24658
32765
17504
32446
-20921
13714
-22108
27669
27958
10416
-29194
23195
-25469
31871
28092
26479
32457
-14466
28611
-29591
30959
-32374
4497
13356
16239
21181
19365
26284
-30019
2260
-32527
14070
15671
18064
-28366
2038
-23180
-3549
21961
15391
28482
24798
-27149
-6090
-785
-15041
15858
-22305
-8209
15472
22196
-13537
15186
-27758
-30988
-9701
32733
-28221
32708
8652
19906
-27997
28513
24643
-15450
-32557
-30289
14663
-31754
-22846
12354
-32546
20021
-26647
-10544
15828
-16448
29331
-30530
-25138
-17021
9764
24925
-25864
-15527
-24263
31826
-21929
24734
-11036
-18734
28508
-6741
13147
-28441
1724
24986
30719
32655
-24294
30388
5249
11072
-12173
28812
32489
12954
1360
-11596
31133
26502
-30910
-29553
4892
-26607
-32745
32347
-21467
26861
-27630
-29873
4634
-28942
-3093
-4793
-8797
28098
31085
-10326
26325
32689
32756
-1253
17136
-8685
-25322
-31667
31226
23279
24627
30073
30762
32563
-16533
19353
32077
-26437
24044
7657
31161
17956
-19262
295
24777
2896
32499
7363
-21303
32540
-16676
-30974
30206
30527
-26439
-27230
-10882
-19147
-25841
-32765
-4223
-32766
31225
-32689
25240
-32565
30098
24443
-11837
17026
-28491
-29215
-27332
9992
-31752
2827
30061
-26734
22711
-13563
13003
-21406
-32257
-32585
-31817
-13751
21699
18140
32764
506
32374
30183
31718
16905
32517
-18426
-32485
32736
-31783
17155
-9226
-27649
-13566
32648
21725
14398
-603
-16446
25376
25453
32423
32728
-31628
-27093
-32008
-13905
-15902
16905
17732
-24055
29288
-31230
-5472
22681
29823
-16870
-24288
28360
-11699
31015
-30923
-25388
-13540
-24996
-25067
25782
-6799
13936
-18899
669
-32033
-23995
32126
-8927
-21887
32126
-9157
27063
14744
32591
-9716
-17034
12310
32743
-31521
-21145
-23582
32708
-9425
-25574
18283
19721
-13017
-952
-25138
28946
23019
-12841
-28668
-6473
2191
12905
21061
19454
1212
25677
-28945
31028
19553
-13913
-9145
-31750
-10111
-2996
21353
4478
30495
-24767
5525
29783
-30656
-18525
11776
11125
31161
27874
12074
23652
32693
-4699
-29626
-4298
23831
12939
-31854
31656
-20851
-20882
-30388
32105
32768
5339
-30714
9845
18366
-32633
-28229
-3005
16946
-16394
-30773
14533
-14143
-5444
18147
-29408
-29401
17803
3890
-10374
16069
16160
7118
-28766
-27398
-21439
31011
12517
-6608
-29607
-32327
18986
-32739
-30830
32201
-10452
26013
19327
5630
-16263
6340
-23482
21441
-30924
-27550
-7837
25745
29208
-29469
-32363
-32310
-28782
28782
17406
20725
-27501
-22835
-31014
-31588
29853
30951
-4497
13060
-20490
-31069
-30404
8818
-19709
4363
701
-31101
31252
-11287
22508
-13034
28827
31494
30178
-31150
-13348
29569
31333
26556
-6421
13299
4603
-11423
32003
-32763
16627
9476
25308
-25132
2451
-7871
12664
-14398
10767
-21929
13916
4214
30275
-16754
-18257
-27525
28265
-19784
-10395
-6189
18137
21957
-32067
-23490
31572
421
32365
-32768
20673
-7032
-13511
-32267
31930
13141
-30730
-28146
-6124
-27191
-27063
-4254
5255
22147
-2464
-31112
28596
24678
16244
-32284
8840
32084
32580
21837
30115
-6790
-7550
11140
-17687
-17777
12456
8427
-12036
18695
9716
-32196
-29135
-14155
18447
32756
32708
8963
-32249
-31212
18809
19844
-8939
-24146
-5571
32567
30269
30890
10156
-24061
32186
-25636
770
23604
14795
-10326
16230
26159
11033
-24424
-14296
-30546
32253
-6399
-32734
15877
6229
30054
25031
-8139
-12217
29454
-32640
16329
28180
32551
24618
16638
29426
-25105
-20407
-32332
21990
24556
24740
17526
-30087
-32072
-12638
12059
-29027
14387
-26466
-15377
-29694
-15341
29199
-29826
26541
-32622
31282
19573
-31789
23945
-26487
11986
-27834
-32616
-1580
24218
6297
-32654
-27881
28234
29191
-31959
-32752
-17982
-32761
29746
-18783
-31772
-29531
10326
29097
32084
15161
22792
7910
-14626
29238
-31430
-31033
-17414
9845
-29373
-32280
-15899
26981
29202
-30746
-32657
3680
17147
4457
-2696
18153
176
-17610
-32577
-13210
3277
4111
15308
8770
-32215
-25562
-9166
-22803
-20254
7895
-29006
-32753
4687
-27690
-32154
-4021
-32764
-27879
-5890
26271
4024
32423
-31626
5995
-4092
-22472
22554
24008
-32088
-12601
-5642
-10974
5667
29221
31149
23735
22837
-28004
-25232
5168
32616
-32554
29826
-32433
25846
31809
-6124
-8791
24318
-12925
-14643
-27748
30198
-10392
-25035
-10123
-9929
8800
-9818
-20163
-6377
4482
-23575
-30801
32635
-11708
-19155
30394
4867
-12167
-31924
14166
23589
-23547
11593
-32245
8503
30030
28252
28386
-2006
-7950
29691
-4011
-32718
25621
-14485
32518
29876
-29503
26144
-32767
31728
27642
7296
14135
32028
2442
26466
-30264
-21645
-29441
21303
32652
15086
31016
1068
12365
22640
-9611
8994
-30169
-9124
-32698
-31676
-3627
25489
7663
25174
17072
30076
10547
-32182
-16668
-30528
23599
-27488
-19371
17171
-21186
18541
-30836
8324
32670
30197
-20301
-19956
-22112
-9069
10174
-31904
-24144
-17848
-22938
12858
-26459
8506
-32551
-31874
-11705
27080
-31422
9566
28830
30460
-8951
32767
31042
28680
25298
10850
6605
-8330
13397
27581
30981
20739
15216
-28417
1027
32499
-26778
-32587
-22281
19150
320
-32714
-26040
11564
-26005
15726
10609
32282
-28908
20195
30374
31630
-1150
-32648
-5379
21870
22622
-14990
31970
-15742
7632
-317
13382
-434
28629
-20805
23303
7130
32660
7935
16451
6848
-20108
29084
-23131
-32729
-32468
-20781
3165
20278
27979
21999
-22837
18693
26416
-14423
-22830
29990
-27828
-28158
-29913
-22835
32768
-30330
-21835
18716
-11963
-13973
16397
-32540
-31079
-4584
21289
11394
7709
24063
-28530
-1849
32352
1266
-24250
-18695
30454
31867
-11149
20202
17998
-26216
-32568
29500
22426
-31049
-3068
-30774
26261
31104
11520
25603
-27015
1545
32461
-31872
8737
24701
-32015
32352
-14873
32549
31177
-2815
6161
-17811
32700
-12272
-13316
32397
-32226
-10267
-16948
22034
13377
-10454
-23788
22531
32244
-11896
-24720
-23270
3346
-19173
20578
-15018
5199
30989
19862
-17483
-7284
-25008
-32540
26120
4457
29125
-5673
27919
-21889
-5404
-25166
18778
-12033
-32493
-5921
-20517
-30090
-14237
-5271
-23290
30934
-32747
-31392
7669
-29818
19322
386
32387
31129
-7299
23645
-23857
14169
13098
-29498
5218
-32748
-30073
-1667
2993
-7403
26587
-32371
-9238
14612
-5025
-8418
26073
-8257
10588
-32764
27103
-8833
6781
-32155
-31899
11632
2999
20271
-32731
20498
-2135
31827
-4768
-23014
-18011
32738
-10100
-1011
23398
-20844
-28695
32732
-11004
-31091
31765
20384
23687
-32625
8035
17400
-7507
32473
32639
-31997
31906
32747
8279
14536
-32764
21926
6624
24214
-29807
-32538
-4024
27336
-30551
-32254
-22449
19398
-3384
-14183
-19279
-30887
32131
-32163
-16516
5562
16687
-32283
23197
32733
20360
26216
27841
12679
12106
26764
-30442
31612
-1398
-21006
13279
-26760
8948
6516
32354
-10123
-23097
32197
2705
15803
32170
-12264
24929
-18333
32212
-32005
-11373
18309
20301
32254
-21203
29951
22999
32225
-4737
-18195
-7103
-20306
32540
20343
-4855
-1944
15021
-30628
-21609
21301
-32767
20715
28062
32755
-20318
32728
20399
25538
-27029
-19839
-32590
16887
1473
-30162
16055
15147
-16160
-27015
-201
-9872
24746
-24305
32764
8861
-9060
-28218
-14702
32744
22405
25718
-25879
3865
7186
-30756
31137
-17115
5760
-21961
-12342
-29783
-20043
-24443
-1081
-25556
-10740
-28156
32347
-31962
15241
23844
24695
32752
31608
19648
-10936
6676
-23416
31891
-9881
16565
4002
-14730
-32317
2617
-30355
21891
-10894
-6439
-12795
-29012
1335
-30459
-31221
-21602
-19565
32144
27778
-32553
28298
-29031
-20981
-2376
9581
31495
20938
28692
19170
9413
6513
-17909
31316
-25107
3543
-32042
-16105
30300
-32219
32631
402
11855
-12835
-9353
-32114
-23270
26084
5921
-22593
-32331
-19771
-2705
-32688
-23728
29513
-10126
4176
9842
2414
-14646
766
-23115
-31563
-32759
-32101
-1498
25933
-10947
-17034
-14918
-6390
-27291
-17972
1570
32495
-31149
-1812
-12563
23597
-26244
14418
-1944
20836
-16028
26722
-29743
3043
-26900
-32333
29965
15954
17187
-16516
-25869
22794
-8379
17969
-2774
-6916
15970
27515
13259
-13460
29751
7388
-11152
-18014
-30711
-6050
-18307
2147
-23693
-27188
-13785
-4120
32711
-32030
-31474
-32218
-14831
28605
-29466
-28540
-28793
10965
-21437
989
-18079
-23641
16203
28684
31390
-30817
-30136
12638
32344
28215
-24794
17459
-32768
-15822
30359
32759
26574
-15596
29831
11872
-9605
2949
-30184
16803
-29082
5156
-10835
-5221
-22112
-15762
26116
-2147
32684
60
9797
-7782
-8303
-32672
32767
23896
-32643
-27866
-27786
2902
-24945
-11455
-12685
-32575
-4876
-29060
-12899
32325
-18359
-31308
14231
18387
18636
-31466
-11646
32752
21446
-6799
8184
-12333
-29846
24127
-18291
7697
-28980
-16806
-32119
25790
-17056
-32083
-25512
8537
-23188
28324
-9479
-19961
-23986
7366
25956
-6208
-10300
-26994
9971
-3643
28151
-23615
-32762
-27082
-27728
-20615
-23602
-32063
31994
13566
-32627
-1291
30911
8546
-32767
15524
-3808
-16817
-30668
28450
-31183
-7023
32765
32728
-19724
-29611
-29189
31761
30320
-3955
29346
-3009
29989
-22444
28214
-31976
8746
2777
19889
2360
-8743
-32719
5007
2310
7311
31839
-3659
-625
-17459
31685
-26057
-18778
-21258
-23175
-32147
-10597
-936
29981
-18541
32298
-24078
1871
25439
-6614
-13178
30586
-19497
9184
32768
32758
961
27151
-31264
30644
-10505
-31897
31786
26385
-20409
-15533
-8882
2852
-27661
32639
31674
-9971
-19019
32374
-22050
21013
30314
-24347
8600
-20264
30339
-22674
-31860
12925
18032
2683
21576
25404
-2354
2855
-19864
-9851
-32532
26422
31023
2501
29141
-3265
-29736
32738
-7376
7446
-2194
26398
21030
32515
-10930
-32561
-19834
-32036
-32759
29567
20291
30741
26437
-17713
-21741
32747
32646
1705
-29976
30236
-22212
-31385
-32660
-12030
31067
22506
31127
-13916
16086
-18187
-15455
-28967
32524
-30577
24546
-29807
32677
-11593
24012
4923
-26881
-6155
-9066
-8263
15355
14685
19404
31946
-32654
30080
-23735
-18968
30538
462
-29313
28518
91
24853
-26599
25634
-5041
-32326
11793
26461
9941
-10210
18137
-6020
-20234
-14426
-25386
-3237
30872
15640
27029
29360
12094
31331
18098
32700
-31502
30637
11051
-26405
9524
-17299
16042
9365
-25514
-9193
17136
31403
-25677
30118
-13990
-25734
-20948
-650
-29285
-30378
17211
-20827
-31322
32689
-5642
-29161
-17750
-16546
17331
-518
29984
22483
6081
-2589
15024
23928
22853
11007
-31932
4793
28268
13262
9917
32721
-25477
5181
27140
-31442
-27207
-15266
895
29469
29519
11293
-28352
-29771
-26463
32424
-32496
21732
18045
13591
15283
13771
-24996
22965
-25757
-10422
-6897
32431
-21286
-17568
-30324
28493
11261
31681
7226
-16190
31497
30947
-18587
31431
-11535
23354
-4506
-32767
32761
-32618
-29859
223
30017
-30350
28247
-29164
29162
-31343
-32071
-23728
28890
-19603
-32452
-386
-4285
27135
-21807
-30489
-31610
31681
-3249
4597
27429
-24225
-24670
-25702
30398
28709
-23890
27661
-4848
28542
29303
-19104
19429
28333
28975
-30137
31590
18281
-283
26051
-22783
12748
-31961
29690
-31451
32676
2642
-30503
22907
14881
2345
-26030
-30658
-14064
-30349
-22670
-22613
-17987
-5329
32710
-22087
7421
32145
-28576
-2714
-30743
-2445
23952
-32768
27179
9322
-22254
30563
28053
32211
-32763
-29629
2248
-27248
-13276
-21064
-9518
-29817
-18416
23961
-29383
24994
-11119
-29849
10264
-20651
26090
23490
26881
-27933
7837
-26888
-17026
32733
-13095
-17299
-8142
32748
-4005
10790
32767
32417
-7809
23905
32589
9413
2786
30828
11452
-26943
-26385
-22792
-1702
-21439
-28258
6704
8279
6189
32401
-6617
-31073
18569
-18197
-25981
1388
9632
32464
-24890
28257
-32694
-27370
-11084
19114
-3318
25156
8658
-1401
14859
7020
-30298
-26850
26244
26588
-6007
32164
5252
-32752
-23436
30728
31603
-13474
32471
32748
32597
-21891
20313
-29091
19761
-21446
18452
-14098
-14095
8576
4211
25320
-23447
-88
16800
14570
-32480
-5599
13511
26995
-27869
14022
-12769
24250
3087
12432
886
31145
27384
-20829
32683
-32467
217
8715
-5227
-27911
31139
32748
30889
-19859
-18750
-4842
-32205
-31063
27769
-14033
21322
-31073
-3334
-18082
-21770
-4426
19663
-32437
-27859
-10129
5100
-26875
12246
-4842
25850
-25638
29482
-26938
11714
-21059
-6519
-15809
-29916
-31365
28159
-32418
32705
27396
-18105
31263
-20100
30457
30458
29742
-8263
31762
-31505
32767
16806
-25471
28794
-32663
25290
32712
30300
-8673
-23266
-32458
-28295
21807
-27287
-29730
261
14951
8373
20347
-25089
31626
-30933
26437
23924
-28661
-490
-15439
14626
-24214
-11582
-32767
32311
23099
-22726
29342
32453
32755
10752
-32503
27270
32153
16331
-16451
5066
10240
32470
31053
-12301
9151
-25732
-30808
30964
-12214
-24082
9473
21358
-23075
27796
31131
-32753
12173
-23667
27729
-20759
-32612
-16127
-12261
16700
-20749
32754
-12502
-27925
30593
-8933
-27325
7541
19150
-31398
-31598
-22729
18623
-32763
18711
-20564
28856
-27774
17419
18252
31602
-27220
-19086
8603
-26190
15389
14635
-27659
-29953
-30039
31228
31579
27552
-14268
-20537
-31825
22704
-19175
27738
-4226
-7210
-3412
-13543
26816
32228
15327
4687
-21286
23126
-23202
15472
6581
-32046
-20463
-26960
-16511
32749
-9169
-31197
31640
1548
-996
-707
-23261
25977
-12769
-31743
-31253
-32472
21126
-30123
2555
-31041
19924
32235
22244
10832
-2852
-32768
7813
32599
-8151
1624
28140
14064
11163
-32641
5964
6605
-29464
-17995
22891
-32762
-28397
18210
32760
16744
-22783
-8840
32669
-32584
29727
21401
3565
-8260
-8585
16034
30071
24614
-29353
29215
-29798
13141
-26650
31358
12197
-30184
28442
32710
-9250
-31364
28965
-19081
-19244
-6029
2573
22024
-32732
-32633
-32672
-29539
-29613
-15571
29571
-1555
-4229
27726
-32720
-12106
30019
-29219
16714
9785
10627
-5153
-17085
-7339
773
-16698
3462
-19343
32226
-3406
23874
27919
21102
13751
-9133
-14310
726
9253
-24055
-25354
30194
32655
952
32058
-773
-6316
-7400
-28284
-8734
1093
20807
-32434
-18418
20615
-4270
26548
11555
4628
-16800
-32256
-25043
-29800
-30516
-31711
28336
32549
21136
20529
-11635
27932
32701
12106
25681
4320
32559
19348
23343
-22790
-26661
-27158
-27198
-15227
-26080
-13708
-5329
-32375
3808
-28734
9503
32734
-6254
-14268
29376
-23499
-6744
-11549
32269
-29403
27922
-22867
-16511
16627
-31430
-9362
6331
32744
6716
32518
20143
22806
-27981
-6232
32295
17932
30713
24857
-25518
-30456
31636
-7192
28625
30079
9048
3134
30336
-30190
-4348
-32311
-32743
19406
-23967
-31133
15288
207
-26787
32157
-30822
-24385
21894
32742
-4665
10529
-27618
-17281
-32704
15147
32393
-26585
32176
-19032
-28289
-32768
19653
21453
31621
-11107
-29640
-20977
-32761
9632
-22242
30426
-15842
31044
-23698
-28617
28371
28403
-31880
14604
-13591
-20873
-20288
-30528
7097
-20610
31311
24608
-6651
18442
31306
28814
-11193
-31984
-32733
29207
23621
-24845
8728
-31899
-29129
-32755
-32720
-28493
5503
14483
22627
22808
3955
-25693
31814
19884
-22117
29311
-28511
-1576
23484
19040
16329
32768
31187
-14968
-32484
-13414
-31827
-2360
25441
32212
26669
18546
29764
26504
14002
-14696
-13066
32340
-15136
-889
-24616
-525
-19969
24645
-13285
-31831
2088
27455
10353
19416
-13936
4027
5639
-28038
-23732
-31313
32120
32485
4376
-11673
66
31703
-12786
30153
26141
-7376
1664
-18210
-31467
29394
29994
32265
-32664
-22451
-20259
32679
31926
22458
19771
1454
-32751
-27022
-30734
6876
20402
25988
-21325
-25745
8746
-7357
-32767
-4939
28185
-25124
-6306
-32525
-23967
3808
-20739
-18827
-32409
-12607
1765
32656
32767
29394
-32374
25908
-11178
-11444
-24429
14361
-29051
17711
25142
-30711
-16459
8615
24025
-22785
-27358
14359
-2373
2442
-28502
19706
-13288
32715
-18400
-18218
-2354
-13993
-31229
15099
6697
10713
-21809
-19901
-16465
18747
-26924
-30593
-9473
-12873
8849
-32212
-19320
-12708
-30964
-26466
-11658
32012
-22561
-32664
4444
22362
-8691
25037
32501
20803
14384
25310
31898
-5927
-4808
-32044
-20761
6063
30531
11770
-5726
24937
-32591
820
-32766
23075
16260
11576
10114
26178
32762
27539
-21524
9127
15811
-8609
29654
4510
12760
-30157
-3690
-15488
32656
-13414
-6722
8903
18662
-25352
-29545
-28002
-32579
28142
32735
24746
-691
-28972
-31227
-18483
-31282
32382
-24829
2605
-8740
-28965
-32717
1190
20781
-2326
27801
-17297
9704
-2495
-6507
19292
17925
31990
-8676
-31267
-30993
-22715
-8664
-32281
5692
11496
-30796
15452
-7861
-26576
32387
-23608
-29801
-21408
-5469
-11063
32275
4142
1843
12580
-24431
-31433
-20605
-14727
-8537
-32758
-28969
31521
30102
5531
15519
32749
-24324
-28940
-30038
14107
-32576
-14231
30937
-5333
30788
-13646
26048
32736
-15731
-25927
-29886
-27947
-14870
8154
-8670
25671
-12345
14708
-32574
-5735
-31457
32346
29144
-15784
2808
32766
-6168
-8403
27331
-27056
29501
30352
-9791
25024
-29946
-25574
-29050
30108
25910
-223
-25156
31272
-31221
-14595
24751
32513
32714
-7593
-18265
27804
-26459
31516
-2483
-26900
-17297
12505
-26830
-9205
-31407
-13671
-3718
27593
6448
29907
19104
29997
-11399
-26557
-21734
-12722
15555
-27200
29918
24125
14452
18294
5187
24583
-30575
-20086
-19749
-15568
-9992
-32139
-19404
30151
30161
32587
32746
29537
29488
-19224
-30858
23517
-1203
-24604
-32581
27601
-12876
30046
27128
-32032
30201
30758
31957
4310
-31696
-5419
15436
-26691
-30633
-3618
-10231
30481
17307
-26301
26583
-25946
30831
30950
-27179
-28263
-32600
-24868
9356
-31019
14336
4907
31255
-1448
-24693
21940
4183
-32553
32581
19373
-31125
-12138
13431
-9602
-30469
31345
-27974
-15194
24666
6664
-20656
14457
-30693
27637
2470
-7938
-18301
13754
32575
22686
0
-32413
17355
32550
-10835
-29413
21138
23602
-25786
13348
3964
18922
5357
-13868
69
19558
16198
27838
-30742
-3662
31567
-16288
-28378
-31073
-26877
32682
-23131
-31503
13651
5822
32241
32079
-32567
14713
239
-32152
32591
28751
-31861
32201
-28433
-24900
9959
-17331
32103
29997
-12135
7889
-1664
3958
-26762
-449
32446
-11910
-22584
26114
-1222
32658
-32762
1106
15651
-32606
29225
-31424
32748
30802
-17443
-20219
-12147
-24095
-31473
-13617
-19327
-10246
-7186
-5215
32039
-17565
-32767
-989
-16508
-26929
25431
32723
-27195
32681
2097
-10183
-20943
-10452
832
4363
25510
-9827
-1580
32622
6722
8588
18108
8309
-32762
6519
29145
32766
-24573
7480
23162
24788
15905
26940
-32717
19068
-6260
-30641
31280
26784
8903
12751
-28129
23593
32675
-32177
-32104
-18861
32693
-32662
14279
-16285
23864
24271
30781
-16991
-27979
29857
-31114
6716
-26733
25047
-5973
-18400
22401
29598
-10811
449
-19651
-28978
-10520
29840
-16981
6448
-17112
32697
15352
7461
-16437
-29431
21260
18677
9250
-32761
-22668
-28028
-14483
28494
-27593
-25148
10725
32743
2411
3346
-10621
-12144
-20016
2952
23241
-18476
10365
3986
-25784
-32663
26142
26271
6685
11166
31196
-13190
29511
31135
23541
31292
-32283
-21968
10052
-4506
29853
-31237
-2786
-23113
19993
29460
-26716
23453
17321
13488
-12815
32556
-30094
-32621
-19854
13948
18840
-31653
32250
29617
29606
-32271
-31761
27484
-28611
-10942
-30148
17956
17827
-32545
-9328
-32726
-32724
30632
-32114
-770
-16285
29960
32346
-7645
-9557
-3796
20283
-28767
-25346
5515
3693
32373
-6205
-3290
-9033
-11954
-23447
-9217
31887
6648
-26654
31337
-14711
-31425
-28077
-30383
-4721
25780
-29471
30996
-27186
26518
-8196
10695
29685
7204
-16369
-27883
-32719
-8215
31951
32760
-30025
-28716
31046
28940
-20612
18695
31919
32051
32576
5893
29720
32597
-32024
22903
-31539
-30491
-27370
8527
-32537
11898
-4883
9749
32732
-20783
28328
19749
29427
-27072
-12024
-27513
27922
30987
-6106
-31830
-29995
-23969
31271
29890
-28217
32575
-12091
3737
-13054
-27346
27491
15831
-5487
30332
15455
-27955
-3677
27225
28064
-179
-3849
-7736
29424
32391
23088
20904
5905
-30444
-18014
32327
-650
-29124
-28239
31719
32692
22323
-32706
-30099
30487
-31510
-28485
25128
-2983
-4752
-28269
-6820
32759
32684
29215
-30001
-151
-17935
-28580
-17764
13950
5137
26042
-27849
-32566
21107
-21987
22947
-18585
32034
16533
-14186
3002
27979
5624
22772
26707
32477
27630
9929
28049
-4123
19467
3808
12173
-32006
-28719
-15308
25875
25402
-5512
29419
32337
5596
-13765
-29764
22024
-10974
-29417
-16299
-32223
31785
28934
26090
26541
27686
21458
-1118
-4668
28637
19009
2169
6371
-21250
8858
32666
1209
-3955
-9313
2476
25808
-20172
-32369
-11030
-25700
24242
-11405
22925
32746
-17337
19914
-27308
15869
-32684
7434
-32060
-4429
6608
-26709
-15366
-25204
15197
9875
32626
-3224
32204
-19739
-6269
16538
26868
-15604
-28582
32258
-31515
10126
25234
32759
-27906
6983
-32481
31312
-25584
-16459
29409
24763
32705
15377
11502
-13385
6584
-18996
-9542
6491
16641
28154
-29174
7581
27625
-3924
25593
25294
31474
-12357
32652
-29549
2332
-17024
32666
-13669
-16543
-29607
-29214
32199
-12502
-32233
-21049
-559
-22983
-28314
-31356
28375
2379
1329
-18008
13517
-23369
-4388
12985
32688
-6417
-4640
-32738
-5568
-20202
-28040
-32658
32360
-5379
32079
-13109
7501
-32434
-23458
-32670
-11846
-31577
13026
32761
-5438
30828
5373
10841
-6983
32764
-31978
-26197
-32736
15422
32661
32503
-12948
-26533
30702
-2473
11793
19510
-15742
-12505
-20690
-32024
-22858
-24892
9641
27230
31849
-18208
28614
-24324
-7054
31062
-5128
7112
-22233
-29225
1664
3349
30313
18886
-24276
-19678
-14803
25049
-18359
-20128
25595
29125
-14528
-17462
19553
27793
-30346
-23252
-30122
-30773
-30792
17440
31385
2323
-11447
-32687
-21798
17283
5007
23937
-27654
28719
-27494
-16192
-31347
-333
-29505
-31915
-28832
-1197
31774
30742
7562
-14601
-13839
32250
-10285
31559
3805
-19012
-5893
29119
-29811
3662
-5038
-11216
-18621
30491
-30586
-18299
974
32746
-8056
-23230
-13939
2473
-15566
15414
-30212
-20478
30753
-14651
31079
-9803
14901
27228
18685
-292
32237
28675
2185
-11025
3865
19837
-314
27632
-9707
11811
-12965
2830
32303
-3646
-15024
27422
-18327
-31014
8358
-23343
-24301
12156
16356
-29625
25593
-11969
-5237
-30002
-32646
2887
-14976
-11432
21195
29022
-28511
14203
32710
24734
4895
9331
-32066
32766
-29296
8391
2304
9488
30953
29922
7797
18124
-29027
-20308
2445
29748
-8885
-26769
-22552
-26487
-26027
32690
3324
-13011
-31106
32661
2053
-12065
30614
-20989
27223
-23057
-32186
-20588
28710
-17998
32758
31542
-22618
21676
-25218
27255
-11090
32096
16973
-23438
-27896
30323
-26943
-22008
-27255
-31550
-9407
-18724
-17919
-21654
20834
31621
-22249
13480
-7376
31245
-12676
-26718
30871
32740
-16611
-6928
-24943
32181
31707
-30222
-23827
-16865
6722
-6802
3
4354
69
11893
-29773
20904
27779
-30389
28449
6504
-26348
-17294
30427
-32034
-32765
18249
15637
27441
17811
-32694
-32728
29739
430
32571
20058
29925
-16274
-889
-5289
3262
16633
-32349
12708
32557
30524
-26011
-26692
27955
11576
14976
-31157
-25210
28614
32483
-32427
-24135
1696
26376
26381
23142
-27522
22679
-32462
4982
-3221
26461
-32687
-26821
21777
32106
-14409
-32503
-6245
15557
-31368
32379
32754
-32033
31746
26303
6894
3936
27671
-30192
6118
-30123
-32084
30745
5007
-14149
16722
-31714
-3846
2542
30627
-13942
22658
-32736
-7672
-19368
-31242
12534
28421
-19464
-32710
31424
-23398
-12638
-32710
15016
9905
-30899
9536
-9386
-14629
-14172
-7017
3487
30929
-8954
-32646
4587
13606
-32627
-9914
13454
32184
-26190
28303
-13896
32490
32516
6959
32756
27598
691
-7229
-12664
17166
-28069
-30738
-5041
-31195
32567
11187
-17684
-18457
-7029
15773
-12482
-6534
30258
-30781
-25252
-3584
-7449
-12319
-32713
14839
-32510
-26524
12141
-11019
-27736
-30133
-25441
-30200
-5633
-19799
32730
-3318
32767
10873
11535
20894
-19593
-26159
19234
3177
-23823
-12269
12426
-29115
31003
-25075
-12780
15291
26832
-28389
-11720
5546
32766
-27407
16061
32722
-32652
-31035
-30949
-30038
-8029
-7418
-1802
-24140
26159
261
32441
-28812
6439
-31930
-26804
-32710
7852
-23514
-10425
32744
-20365
-3406
11637
-23778
154
-25226
-31972
32273
25097
28645
22726
20708
-6633
32103
-31129
-32511
-32759
-26303
20313
25722
21882
-22481
28895
30186
-18587
32752
-18216
-8050
26603
-27294
-24635
-32183
-24914
29440
-30175
-30202
-6430
8830
-12575
19736
-29429
8712
28031
-29701
24072
29734
25491
31049
-28697
26017
22483
5171
9220
32127
-5543
-14353
6063
264
8634
27126
27873
21854
32718
5945
26084
23547
-26890
-20367
-27486
-28745
-12290
7470
-22763
-15419
29031
17334
-9371
15266
-25394
31351
-1686
20380
32724
32759
-27360
-1322
26581
23541
32718
-8882
-2730
-32425
23920
-25481
21148
6053
-25518
25767
15582
-801
32711
-25435
19467
32100
-32766
-28947
-31952
32529
-31467
32396
-29406
22462
6350
-2147
32735
-20529
-9066
-18528
-18040
1350
10105
-12688
19653
1802
-14203
-8199
31262
-8594
-30029
-8230
11311
-16978
-32766
29850
31934
-12578
-11561
-18346
-27919
-26616
-23885
32562
19563
-24146
685
-32477
-32593
5178
24763
4419
26030
15219
-32513
28565
-17318
-606
2451
-32766
-21664
32141
-14036
22314
29772
26552
2595
-22826
-15372
2223
-29324
23834
-24502
16771
1551
-16009
32546
-10508
7189
31714
-32614
9434
-28056
32645
-27929
-24439
-2060
28809
-18486
-30317
13402
-32606
32747
16157
-16345
24927
20776
-32328
-12051
-4503
9647
-2542
20412
6870
-32354
-28591
10684
10443
-21793
-32640
-29904
-32540
-27402
17307
-25599
-20108
28703
-20829
-9680
-26754
20795
-26733
18868
32551
-3406
-16868
27578
14948
-32486
32691
-14909
21645
-32192
32202
2830
-32160
11588
-10859
-22145
12266
-25402
12748
-32681
-27924
32293
-22465
9989
-2191
-23874
-31349
9749
32729
-20914
-31563
29581
32557
-15072
26071
-21645
21460
-26920
-2664
-17376
21567
10918
-17152
-14948
-28033
-22508
-22661
18126
23534
29939
-31951
-7636
-26040
29971
-12552
16195
-22394
-32599
-27940
-23283
29531
11140
32673
-27824
-32600
-13210
31576
19269
-32199
27403
-5914
-26051
-31877
19022
-12931
-19106
-2818
-21593
-25218
15995
14615
-26685
-3771
-13999
-31277
-22774
-14708
-24786
-29715
20571
-32342
32518
-15552
-25493
-3646
-3046
-29835
-2426
31237
25841
18265
-3659
5834
-16489
8909
31879
-32601
3590
32414
-3449
12188
31034
31841
-23999
11541
23597
-29463
-31834
20330
-27544
11942
22529
2172
619
18989
-29068
-22787
-32742
547
11916
20935
-4618
-28301
20375
-17235
-21389
-3409
11013
-20812
-917
-895
25190
-32422
3412
32472
27017
-25817
3911
-15108
-437
7776
27686
29894
-30361
4880
-31971
-3559
-30387
18457
32661
30976
26823
-16822
30879
31472
3612
236
-28114
-14019
-204
-14640
-29450
-32433
-20407
32220
9452
16543
28
-31354
-3165
13011
14862
-29174
-30695
31406
32466
-29498
28811
25328
-5019
1991
6891
-30146
27549
-27317
-2708
5778
28255
-4472
1702
-8985
-23663
31231
31919
-32728
-31339
29893
31116
19022
-24925
-4852
21042
-31866
13083
-27567
10225
-32635
-32590
-25083
-32180
-10927
-16522
-19766
28452
-12307
-30442
-3949
-18223
-21441
-8643
26504
31816
8379
20078
11936
26420
-31699
11963
17363
-31917
-28325
-19017
-8123
-19879
-27242
-32765
-26886
25441
-32758
28629
26689
-25786
-23319
-30273
30519
-31995
-2714
24065
2811
-29909
-4709
-4547
27220
-32404
-1033
28408
25415
-8515
-31851
32339
-15066
-12876
-16608
-23536
14817
-32331
-16116
22327
22494
32312
-32004
4550
29913
29469
6682
-7180
-18732
3187
-1799
30557
-31927
-24343
15690
-29251
-8927
23969
7305
-15635
32625
-32359
-28920
-4133
-16757
32758
20885
-32423
-23606
24633
14081
-17459
32671
14186
-27756
31868
24218
32768
-14129
29355
-25324
-31024
-10338
6891
-25728
-6109
-1432
21344
-21830
23405
-12586
27275
28044
14502
-21308
-30064
-13374
26829
-29185
27714
-31399
-24349
-25192
-7032
-839
20892
-31475
-9398
6956
26636
31878
-5828
28990
4204
449
-32610
7852
-9509
-28931
-32711
-32457
-16708
-32281
-25322
-19729
1479
-25380
13885
29575
8467
31652
19241
30618
6531
27596
-30531
21119
-204
21406
2257
12916
23967
27743
-29303
-18158
-30983
32675
30673
-3584
29072
16959
-26401
32110
10642
-4870
27919
2088
-22533
5373
179
-32427
22965
-18708
-32653
22230
18955
5884
-21455
23619
-27684
-32435
30439
13313
32760
-9959
31134
2304
24500
16862
-9689
-19429
-27322
-30441
17424
30572
-32696
-16280
-9434
-32710
1655
-32350
28851
20113
21493
-31249
-4814
-3821
-27930
-32273
-29742
-6174
32539
23575
-26816
-32568
-31527
32758
23593
19538
32292
-21737
-26409
-9353
-24951
-12734
-7274
21346
26809
-19312
-18489
-27544
32196
24800
-5112
-11027
11078
28914
-32766
-29221
32042
18229
276
-23669
21360
22677
17956
14713
-31987
-15216
4092
31101
9220
16975
-31449
-27709
17888
10514
19302
-16269
30736
-11078
19241
14075
-26647
16230
9000
-32101
13554
-22059
-32634
349
-18667
-32533
-31012
3427
11267
32686
-449
23706
-13819
27561
9482
31913
-28525
32294
-6956
-6066
-30518
28471
-20928
27459
-3830
18971
7602
25024
10660
17083
29324
32690
32766
-30004
-32176
-5478
-30010
32456
-27179
-4510
22722
30965
-18372
26689
17909
-25124
-31653
19976
32142
19221
-32603
18950
-31269
-10770
-13262
16356
7403
-25390
3437
-24174
-26105
-24976
-7700
-29044
24978
27557
6596
-15544
-29851
-2044
10434
-12211
16962
18226
-13780
32714
19185
-31356
32739
-22217
-28284
21174
-1906
16643
28
2602
-5958
3730
32473
-28866
-32402
32759
32524
-32476
-20829
-3971
11169
-2442
-21097
-32640
6922
12627
9090
31334
28939
-525
30717
-13477
24447
-29944
-5069
29208
-28151
20187
27739
22604
-23760
-32040
24322
23396
-24399
-29792
24506
-32098
-17163
17809
-11458
-31158
27540
29916
26156
-22552
-24969
14533
9160
15466
30651
1514
-11349
-12766
21119
-32079
-32353
25778
-20456
-32764
-12298
21061
-32754
-11822
23928
-25642
-9779
-2241
30677
27549
-4755
-28134
-32553
-12774
29961
-32633
-32751
18043
29542
22763
-32747
23175
-9734
32196
-26027
-10944
-26958
27573
32375
-1420
21387
16220
29012
11661
14336
15637
-32762
-24579
-15397
9809
32653
-32559
-5967
-32399
-9686
30056
9178
-24320
-29047
-1840
-10924
-7645
7874
30678
29097
23671
-28297
10073
-2069
-30293
31356
-20115
-30475
14471
-5268
-32578
29519
-21553
29809
-31224
29271
31142
31650
-23090
32016
1084
6448
31349
-32612
7057
3221
-18688
7703
-30817
8797
-9566
26550
-8573
32337
10240
4541
-16760
-32457
-10758
-31823
-13876
12374
32614
31812
-20086
5323
-31943
-5063
-23101
-2602
16508
-9965
32283
31476
-5022
32476
-7925
24614
-22586
6069
21049
-28193
32481
30783
32229
14814
-32766
11370
10657
-7712
-31701
1485
-17313
10007
28805
-24301
31747
-29370
-32764
13023
32458
32381
27348
5995
-25132
10264
32589
-22332
20622
29645
-32715
-7134
13734
18631
-17211
31456
-23061
-32729
32000
17753
18317
14772
29809
-17353
-5995
18111
-27574
-30649
-29846
25413
-16922
32663
32755
-16350
-24902
-25778
-24906
32708
-28533
-30292
19909
-32703
-27343
24201
18244
-20471
-30137
-17822
31885
-31937
-19121
32057
157
138
24713
-32542
26457
31635
30080
25558
-28237
-31564
1595
-14814
14660
20671
18737
2479
24548
8567
2517
21205
4793
-31173
-30136
-28763
713
-32760
5429
-29857
27674
-32600
31833
15803
-22057
7651
-4229
21683
8734
-11822
-16584
-5806
31318
16827
-32319
-19520
30711
11951
-31514
-29378
-32173
23208
-18011
13531
31440
-22985
-25767
-11302
25952
32288
30995
6075
19881
18372
-4587
32414
-24728
-32439
-13054
14274
32358
32768
31804
-32115
-30810
18158
32458
-31242
-13342
-29274
-25262
-29194
32408
-32673
5240
16535
-26997
2624
-31301
9944
30807
-4161
16495
25306
9944
-13649
-25732
-26731
30727
30976
-11166
-21145
32120
-15491
-3749
30954
-6279
22048
26446
-21105
29035
-1567
-7739
-29078
-8885
-29304
26528
29262
23984
19872
28231
1297
-30887
21313
-31640
31479
-16329
-29793
-13230
-32459
7516
31990
32766
-6288
4155
-12336
-15842
1740
-31604
28513
-31390
-31141
20686
-24538
-28790
-30928
-25160
29824
32766
-14064
-2257
-17337
-31789
-25006
24193
30270
-4373
31751
-18781
-31303
23057
-2692
-32712
-28740
-16665
7532
11831
32752
-32407
-22348
32749
19058
3890
20824
-32694
-31401
-2905
14409
-28703
7443
27212
16719
-29943
25621
18255
-2119
-456
-31581
-21047
-9911
12641
1981
-6158
32140
-31451
-7299
-20313
32767
2332
-27664
3562
-31328
31281
32690
895
3049
31955
14814
-18698
-23356
32269
8524
-29385
18556
-15521
-26422
-21418
-21169
-18413
-29433
-30433
-17462
-31757
-26804
32390
20534
-29632
18218
-1655
17297
-16938
29346
11246
29596
-30063
-18963
8518
5178
28695
13305
-32732
-30719
31755
-24947
-21814
16055
32294
27774
32751
18909
11237
30582
24220
-31059
-29678
26110
-17927
-17856
31377
-18056
-25695
-32074
18291
15149
-22731
31223
32717
-25848
1787
-19229
-32535
27300
-29363
-31170
-22529
-26461
-31170
28881
-22210
-14454
-31727
14730
27103
-19502
20683
-21498
-29158
31689
31135
24256
32452
-21408
-12641
31704
-25790
-8418
27144
-30815
27517
32151
-32649
-32133
11255
-28061
12722
32218
-27388
32689
24967
3005
30764
29516
29066
-28892
12240
29165
19139
-2821
-22724
19246
-8348
32765
32681
-575
-26906
-15701
11447
1868
9884
-14996
9656
29066
-22758
-6842
-30764
-8090
14694
32767
-20836
-31873
390
8506
-20190
28463
32501
27484
15566
16849
-16860
28706
-29111
-29034
30113
-23023
-18628
-30730
-16195
-31764
-28253
-23584
-1991
-21659
30589
-22456
20588
23041
-25617
-26809
21868
-24468
-26598
1134
28956
-31968
9298
20856
-28214
-16001
-17896
29359
-28593
24672
20846
25508
28010
6192
-3034
5652
25140
-3427
18579
12795
-19961
-12208
-3327
-9614
32637
-21524
24550
-27598
4052
18187
18688
11811
-15086
-31967
28345
-28226
9710
1881
-31825
-22717
21800
-29743
-21408
27190
11470
18486
-26492
-9244
-3581
-21856
-32736
-31793
-30316
30765
26028
29112
-14708
-17817
31586
-12528
3274
26314
-16448
1975
-7645
32347
17053
-8643
-5871
-14598
-15341
17406
26736
22180
30724
-32681
31566
-19563
-2805
22826
31559
11391
13882
23497
-21699
-32280
-32746
25714
20278
-10490
-27564
-204
-14547
22286
32733
-24571
32767
-1485
2868
-9623
17104
-29888
-32506
28559
17315
15695
32544
28381
32518
-10856
25400
-26387
-17427
29855
17163
-16304
32071
-10778
31667
-1445
9749
6685
26122
-9539
-28339
12948
1398
-4659
-2774
-20583
-19254
-32698
-27734
23795
-17283
-15291
31189
-18001
6581
18497
29755
-20524
-27756
-20832
1401
26078
-32455
-17560
-29685
27966
31597
-22753
-4338
-28159
-22437
25982
31446
-28380
32635
32482
-7822
31550
-6137
-10529
-24087
-32347
-23724
32096
-12575
23059
-11340
-17042
9716
1834
-32285
-26918
-10983
17018
-30325
-7376
30423
-31849
795
26570
-31284
-19447
-22672
-12876
-28921
27647
-31076
-3534
-7715
13362
7461
21083
-32739
-21270
-17066
4173
-20817
20950
24726
-15161
82
-28999
-32729
28017
-25981
21291
30997
14620
27783
-20732
22105
-6245
-29937
32760
-10882
25240
-32239
-23952
24366
17972
32386
-15030
-28468
9584
-21863
-31653
-31519
-32742
12097
21579
-2467
-6211
-28524
-32618
14786
-336
-21042
32718
-24033
-26900
-31703
-25421
28012
31569
20756
7106
22862
-30880
29592
-10457
29492
-374
4662
-4229
23301
-30897
14078
-13293
20426
9482
-6913
10276
-32620
2912
-30719
6427
-29469
-12760
-27981
-27992
21943
19671
30922
20416
-15877
-15097
-2890
15787
31419
20093
24680
32559
27445
-24426
2868
30915
-16274
3521
-21931
-32768
-32369
24074
-23175
-31340
24703
25184
16625
26676
-31759
21975
31840
28143
-25973
32767
22679
-12030
-14016
-5958
10799
27669
-30883
-10636
-7066
32472
31263
30550
15488
-16066
11770
-32202
8218
4292
-22018
-8564
30506
-20006
25170
-10814
29922
13428
23984
-7256
-24167
-31159
-22258
-32766
27948
1162
-14013
-29974
29493
-6701
-32333
28132
547
-32727
11714
-22731
-25358
-25230
-25908
-32740
30070
-13362
-9686
28866
-18858
-26780
-32643
32154
32650
7568
-836
-18270
19678
14305
-24364
-32429
-4765
26979
29066
28425
23244
-29062
8257
26990
31040
2952
-4594
-7529
-22430
17398
31756
-32434
-29095
-30636
21293
8309
30461
-24695
21353
14138
30696
1338
2069
23160
6482
31978
-6288
-27683
-17018
-4444
29547
-32733
-29760
-27625
30677
-32224
7919
9527
29699
-5945
32766
-32281
-17414
-26420
-14954
-11429
16386
-17817
-32760
27452
-32006
21037
-270
-21849
31527
21486
32718
-22428
2598
-2056
12392
9003
16036
32104
-1831
2598
-955
4011
12841
-31732
-18701
-31669
19312
-29237
-21083
11476
19809
-12059
-3968
32492
-30021
24658
-32274
-13210
-6442
-22529
-503
15720
-21418
-19716
24961
2401
-27761
32409
2858
20409
-17708
20190
29138
-32696
26767
-28468
14811
-179
5032
2063
16342
30294
11323
31941
11476
-18991
-4845
16576
-30451
15668
28617
1586
-31971
32490
-31626
19183
11441
31685
32628
-4618
7654
-23799
-20434
-21100
-32752
-25421
-25538
17597
-3206
-7516
-12470
32744
32692
29711
-28914
23819
-31689
-32657
27535
31988
-29073
-10728
14126
30476
-3843
2125
-27298
31684
22458
-15596
-2213
25990
-17626
-22059
-17502
19558
10630
1184
-20617
-11299
32666
18582
44
31001
-8561
-3218
8467
27773
31953
26158
4945
-21560
17117
-24635
17692
-12100
32407
-5289
-7519
24330
13571
-32755
-25804
-15789
21626
-23613
-27038
-31978
-1278
29987
-4587
32465
32758
-13477
-18155
29687
-30457
32754
-32758
20429
28150
16211
19505
17414
-32767
32747
22170
21767
-31344
-13348
8521
-26034
-7106
-1049
-29539
-2025
-25934
16884
8285
4454
3127
32208
14696
24728
12598
9956
-30841
22772
31933
21482
26400
30854
21586
-21289
924
-22048
4460
-32614
20158
-6913
16244
31315
26572
30677
-20712
30107
30829
4242
26902
5741
-15266
-29415
24063
-31524
-26278
-32374
23396
31757
-18278
-5534
-2636
32173
-9533
-29151
28237
-22842
-32615
-5398
1281
28665
12345
-2038
24984
24010
13302
26040
-25911
-3737
85
5388
24174
-31432
10156
17597
-29547
30667
101
-15767
13118
-14370
-31994
-15280
2063
-30899
32738
25601
-31915
-26000
28805
28638
15979
-23173
-32293
-22690
27293
955
32705
-28502
-32145
-31338
32700
14711
29695
-31080
-28130
22889
32698
499
5503
14237
-28463
-32753
18958
11364
4201
26760
29853
-13239
13865
32763
-22071
31654
30192
-18040
-22022
638
-31667
-25593
16827
-31464
20957
3855
-9461
-9779
-27838
-19505
-2774
30140
23793
25276
4195
16116
30438
-31147
-11252
-515
8215
-31736
-30700
31957
-12287
-22096
3812
32557
31221
-160
-167
15519
-31095
22670
32544
21734
-16053
-32152
8361
31175
32525
-22
-26716
28841
29195
27126
744
32570
735
-10425
18205
-27912
23706
-18587
-18605
-32716
-28397
14121
29178
-14288
32726
24452
29765
26967
-26709
-163
-26618
1824
19032
-13031
27533
-17430
-30618
15197
-31685
-32060
31313
-5240
-9638
-15341
-26908
-32249
16641
-3840
9890
-8555
30133
5794
-29929
-24378
3340
-13805
-22198
21066
-26146
-32236
-17780
-32577
16301
-15921
-21415
32766
32259
21049
-32747
-12841
30327
-30295
15013
-5772
32352
-31106
12766
2370
32620
-5419
-27198
-31222
31876
32763
-1043
-20429
927
-14268
24370
32630
19593
5506
9896
30741
-1272
-22695
-553
32516
-8927
-31443
-19889
23810
27026
32637
-2542
-11790
31487
10055
13819
8524
-11705
-31939
27688
3243
-32076
-29330
31503
32641
5976
4245
12985
28803
-18035
29528
24587
-22094
-25441
-32370
-32175
12342
-32655
-31119
3602
13331
32599
-32362
17257
32436
20278
24624
-6359
-9704
9476
-32761
-32718
28030
7023
28977
13259
27811
-4864
18497
-31206
-26250
30967
21415
20165
32718
13688
1369
-14471
-19070
22652
29501
-9000
31027
-32764
-908
13109
-675
21255
-27198
151
-15433
28808
29447
30741
5134
8044
20227
11770
3986
27167
31586
-7069
-27883
27253
10422
30467
4926
-3168
15718
-31145
18189
-11423
31782
-2849
24796
23495
22394
-11187
-30976
18476
10270
-17440
-21545
12821
32379
24447
-32471
6765
-4634
-14792
-28841
-10452
32644
-16222
-32407
-28371
13092
19162
15712
18783
-27942
3146
-4454
5429
24941
32721
-31394
32768
10231
-32127
-30442
-2476
16448
26629
-15247
30483
12988
29767
-17961
-19837
28984
-6547
11205
-12438
15568
-19045
-15800
31999
14259
-32742
-7516
-24573
-11352
-32465
-32610
-31861
9
-32480
32731
-23217
-31991
30850
-19381
-25224
-27126
-4239
28433
22364
28803
27433
-13184
9280
7819
18001
31873
-3268
-13740
21148
9581
3911
19709
21444
-29450
-25356
-1959
32457
28466
-14996
10701
20283
-23012
11473
25887
32480
32412
-12647
30488
-32388
22228
5976
-31390
29112
-21950
4737
27503
-22068
27312
-31593
-30185
-9455
32416
-27244
17523
25402
32703
31211
15300
-9539
10799
30883
10568
-32036
-14265
13922
-7901
19368
-9671
31718
-26186
32024
31033
-31505
18763
13078
29142
31921
-32500
30015
-16149
-29863
6140
9482
-22579
17355
8885
-32665
-11287
30159
-9692
12962
27362
22154
32763
-32693
-11240
-16462
28987
-18040
21840
-1366
-32032
-14985
-8142
3596
32625
8719
30715
11178
14912
-13614
3474
7424
31281
-14985
31971
30449
-20902
19414
-32724
-12287
-14680
-17764
29334
-4195
-32756
-20890
-19533
-30225
24982
-13896
3768
-30273
628
29869
-31001
26972
13528
-27031
-2081
-10847
30643
31032
27826
-20899
9893
14764
-25761
-17091
9743
19951
26517
26074
-11305
30955
15695
31897
10419
-25958
-19829
-16416
21868
26472
14733
24527
-28993
13894
26882
12269
-32312
31323
-12554
29730
16568
-13399
-28524
28472
7127
29747
32115
-8464
2313
32748
20989
16364
-22738
-443
-12601
-6177
32107
20656
12884
-25638
2730
-30329
14019
-17486
31947
-15957
17037
-22467
21524
-3402
-32687
30916
-20394
-22602
31028
16050
17600
31227
28430
32585
32625
-32762
32395
-5695
25640
-32445
-1015
-17864
-26513
31587
18032
-29991
-31707
-27856
5072
27073
-29363
-24368
-10559
17371
-8421
-17518
-4550
-27848
-606
1046
-32158
-10829
-31237
18757
25994
-32756
4105
32698
1021
14741
32595
11992
1350
31394
-19160
24637
-6013
31165
-20028
-11822
-17120
-13285
-26316
31967
-32655
-29151
-15505
28497
-24479
-32585
-13606
-29776
31214
20424
10582
-24767
-29763
32506
32731
24366
-32733
-32534
21550
30987
-30978
31187
9974
31796
20407
-22749
27754
-16649
-29254
12982
-3374
4684
32225
-21191
32617
-31027
2887
30255
32475
17579
-31711
9389
-32040
-32184
-16611
-32653
-7565
9875
-29986
20315
18734
-29634
-27573
9950
-28333
31005
15767
30627
24261
-18478
-29960
-22656
28596
28902
31616
-30246
-10359
15450
22565
-9211
-625
-16285
10258
-19165
21652
-19983
19371
15236
25069
19899
-3090
12627
-4765
31937
-16168
-9878
-179
-28198
30247
9587
1514
32618
31494
30206
30857
-22720
-20950
-28939
-32479
27964
32741
29092
-23689
24359
-16538
-5803
32446
32693
6833
27935
-7449
21628
3815
5199
-22339
31544
-30565
9692
-32757
19668
-4976
32704
-31508
32499
-6121
-2993
-886
-31879
28255
-32156
-26913
26178
-21484
9491
1922
-30454
21403
32462
-25174
24475
-30997
-30704
15030
10350
24286
-32291
-12112
23872
32741
16271
-26368
21152
-141
25510
8743
-30798
11617
4597
10383
-29230
-9845
31121
-32767
23052
23582
18359
5258
-15776
6541
10894
-32423
21555
4876
-6531
32761
-12435
-30733
-16329
32759
-13700
8020
32654
-4117
-6013
-29708
-32733
-31575
-21978
27223
-32512
7831
22149
-10335
-29531
-27242
-31497
20135
-24668
-32698
6611
32701
31894
16981
15205
-27296
-31225
32750
8364
-17922
-2968
-32292
-29767
4030
69
-26400
16418
-11001
15069
14474
-20576
20819
-19180
32599
30141
28167
-17443
13597
21905
32709
30359
22597
20561
9012
30730
21465
2564
23023
11364
19497
-32022
-26796
-29851
-1802
-32112
-27135
20187
30272
31180
32603
-21821
-22945
30704
3259
28408
28905
-32049
11095
-24368
20798
-18896
-2921
-18504
32767
26649
10808
10517
32768
-13540
8041
29316
-2458
-14392
25913
8503
16171
-32764
30020
13198
18757
16064
27258
32144
24042
-27578
-75
-29512
-21356
32208
20566
6001
14392
32692
27153
-29302
27464
-29916
-1915
-1611
4111
30678
4310
28794
26773
10571
31315
-28635
-32277
25652
21145
22316
-28597
32767
28413
-19822
17993
-7351
21910
24282
-12371
14044
-22305
-1878
-3955
-16500
-14898
31418
-5611
-26498
-31959
-14194
3524
30694
16773
30586
31050
-29377
-32729
-30192
30970
-30665
-25079
32064
14895
-22453
27212
-12223
-5007
5181
-17795
-31591
-104
7819
6387
32422
-28609
24180
-32768
-28330
-13982
-11255
-27464
-7100
24012
-9217
15863
-8737
32545
-29184
-15494
15618
-20634
30680
31906
7678
-15364
30242
8709
1821
28940
14056
18960
-4594
-9551
-2320
-22398
-17930
14764
12371
18437
32077
21716
-32591
-10144
-24866
27107
-7822
-28432
32594
-1969
5794
-11320
-26101
2652
8035
32738
437
-20634
-10529
26137
9767
30938
17780
27681
-4435
-29098
18491
-19974
20571
15375
609
-1024
-24552
27161
30516
-31757
-11582
26868
-16138
4207
-23025
20195
5834
24691
30514
-28939
26239
-421
5778
3752
-25679
-11904
6198
-32621
-22506
-7587
1134
-32339
20053
-27102
-17368
27884
-9506
10811
8918
-3768
-4379
32649
13851
24610
29755
6581
18147
-19939
32767
-22233
-27711
16819
14589
-2799
26738
32514
-28890
-15847
-3955
-32426
-32766
-31579
-29992
25435
-30420
-30153
-32483
4292
26297
11837
-23352
25667
-15613
-19401
-880
14926
17419
-32012
-18845
-30848
-32765
-10684
-16064
25326
-10117
-32259
-22115
32760
-19104
-14561
8391
-24055
-11131
18600
23294
-8044
-32762
-8142
23654
24686
32405
14415
26011
-22494
-69
-2865
-32562
7626
-29846
-30144
32661
-30108
-22992
2974
20938
32538
18003
32400
726
-19229
31316
-6651
-6016
-26248
3115
1624
-13982
5503
12138
28875
32235
31349
20370
-31892
-26498
-32716
-23124
-27050
32665
22941
32763
-27389
30163
21289
-317
223
-11326
-17329
29671
3527
-2075
5221
-27183
-16630
-24918
21179
-30310
16846
-2263
-29930
-11084
-28198
26063
28137
25378
26705
-21289
-32230
30629
22483
-32214
-13703
-30316
-12132
26261
-24627
11435
-32515
-12795
-11323
-20205
-13006
19678
14505
-9127
32304
-17851
-2407
308
31715
31436
-32752
-32282
-24006
13402
14189
-22517
-11113
25174
23495
29826
25018
31772
30618
24722
25706
23597
3581
-21030
32767
31121
-25560
-10219
32406
-32168
-31130
31913
-9310
25771
31749
22629
-16094
-28371
-28754
15313
-32708
-20110
25923
-21325
-10189
18098
-29478
-21770
31381
-24016
-30220
21399
31030
-15219
-28805
20790
-13646
4687
-6949
31036
9740
21875
31856
32725
-32705
32510
14234
30661
-7342
10377
-29217
-5664
31801
31326
-7690
18077
14180
-1573
-32760
32152
4873
29037
11837
-3765
23385
-21496
-12322
15740
-16424
2197
-24118
-24863
-31724
-26195
-18226
-32310
-32749
1341
16997
-6137
-32116
-27884
8909
18899
-24540
18320
12156
1281
-22307
6491
-18675
-32739
31352
30707
-19175
28260
31205
-2191
32119
-28967
-15729
6679
-23615
-27237
22760
31652
-9244
-9848
18889
32359
25624
-17419
21898
-8963
-11866
23650
31585
-32698
-25831
-32756
-21553
28863
-9905
-9935
-9142
26588
12234
10100
32711
19371
19944
-31593
-22474
13262
-3137
23133
-27826
4721
-10165
16911
15679
-11007
27207
-11030
24235
-32747
-23030
-30700
-3212
-29109
-29860
32600
-31691
31172
20695
22806
14126
-29451
21265
26850
-6269
-30318
19626
-32577
-5475
-19998
29289
-27079
3999
-11784
-32761
-13828
-22184
-32194
6470
-8600
31395
-31232
-32534
24112
-31836
-11311
-26745
1423
29780
-82
-12867
32510
-21114
-23943
-15091
31478
5986
30933
9157
-23750
-31328
-19340
14985
-15866
3537
9431
-17392
-15083
-32767
-24916
12357
23199
-6057
-7446
-28649
30126
-31550
3171
-5590
23650
31579
-32729
29450
23879
-14887
-20456
20061
-27540
2940
-9677
-28457
-17066
23602
-30671
-27403
-16533
27091
-32129
28665
16943
1598
25998
5081
-30112
15907
32001
-11637
-12240
-18636
8873
-29018
9404
6365
810
5032
4042
31297
-32512
25246
9036
-24955
5806
-24500
20382
-23530
30469
32291
17995
-32280
23030
-138
10909
-19485
32555
8939
32568
-10906
-18312
-26897
-27227
-21215
6719
-31747
31694
-29387
-26192
23255
-4867
9166
9211
-14856
-18082
-25833
-29025
27756
30040
-22497
23456
-32750
-25589
-32724
18695
-28405
-11296
18403
-31788
32637
18348
-30633
-32765
30711
32376
9572
24125
-28787
13057
-24095
-6995
-3974
8439
-21847
-25605
26059
30682
2983
26587
-29824
-12124
-21136
30633
-3293
30703
24845
1030
-26420
-27407
18465
25720
-17803
23623
-32086
-30810
-32416
10588
23451
27601
-32261
26570
19693
-13152
-24214
16635
24957
-20325
2996
-32395
-22552
-3637
3896
-32636
-31693
-17171
-5215
-16760
24435
-28336
-32572
18819
-32065
-31545
18670
-21348
29142
24649
32235
12470
9707
-27140
-32210
-27188
16413
-18734
-32090
31309
25198
-25704
13637
763
-4419
-18416
27467
4516
7421
22835
-23862
-28668
2965
-32752
-30998
-28975
19129
-32253
-11030
32536
-5893
-2479
-16657
19224
945
-1570
24410
-21576
32088
22774
23758
-24742
-15579
31918
25324
657
30936
-12812
-15907
25597
3331
32627
-31088
32129
-28166
7550
30450
-22103
27861
18478
-30727
-15951
-31467
-32755
24753
-32574
15582
18079
18654
-32762
32530
-7100
-1002
30505
-32373
21258
21013
24135
-14609
7785
-18074
17542
13454
-24720
-600
20261
18455
-14688
-32287
-9428
-30817
17281
23506
-13442
15297
24246
-32761
-20605
30055
28022
-22373
32107
-3440
-22887
-13603
32755
-28341
-30885
16940
-25246
5605
18348
-15866
32339
-12867
-28539
28356
31400
30207
-28933
-32265
5537
-22043
25875
-2248
-27813
18468
-32457
-30147
-11869
23639
23984
21819
31306
30408
31906
-27991
-32760
-952
-11181
-32765
15787
-21734
32077
31783
-21305
16932
26261
-18359
-28562
31265
-28261
-4042
29707
1837
25103
-3202
31662
32732
-25240
11467
17214
22446
18029
6488
-20461
32014
25741
-29135
17088
-31224
-3705
-15557
-18536
17294
24496
-31298
-16348
-32595
-10758
-32712
9109
4360
9737
17177
27400
-12667
32476
-31887
-28692
-26696
-26902
-25975
-32689
-14598
-15250
32767
31923
766
13247
-30695
-26065
-12838
10704
32768
8458
-30318
18884
-32624
5945
-27909
23806
29403
-11796
6121
-24150
-24452
-28017
31656
-9761
53
-32739
32503
6473
-26795
27374
-31938
-21947
32732
-32668
30490
-9872
19714
-13603
-32365
-15397
-14398
-5982
12211
30054
-28862
29317
-11228
-349
-6983
31929
-29828
30000
21231
-6288
-14494
32425
8512
12176
-28643
-4189
-27836
10425
19686
-23760
2107
26976
-25130
-32184
-12818
27734
-32517
-32053
29005
-8205
28079
15709
14865
248
19480
-32432
24876
29381
-28525
-30187
25000
30979
-16028
-28731
28273
9899
-13460
19162
-12307
-24508
32476
19811
32705
30117
20578
-28652
-16784
-29888
32204
22531
-30553
-3237
-30687
21868
-19480
-24008
11169
-30992
-16203
-23316
19297
-23473
3424
11658
30161
-6577
-23595
32727
31979
28808
27412
32229
-18590
-32493
-28410
32768
30931
28129
28672
-27334
11705
-26691
-11822
11066
-5664
17536
-17526
-32418
-2116
-15141
7886
30865
13040
-30768
-22613
32066
30501
-9860
-23166
-4226
30428
18853
17671
-26511
31056
25427
-3877
25037
25548
-14926
-24038
-28190
22249
29739
31725
32334
9172
11140
22108
-18858
27701
-31641
-19764
32674
18996
-30017
-30706
-6094
13054
-32180
-32732
-31289
12255
-32430
-32708
32604
-7507
-31654
-25039
-18958
7189
25585
-15094
9956
-32302
18426
24496
-32660
13731
32365
-30768
-30534
31576
-21186
28150
32051
24435
32767
18763
7014
32761
-16309
11491
16879
22554
23501
5224
20229
-6876
32192
-6168
-28491
18786
29662
18460
23939
-30729
-28820
-32590
-32768
-32599
-28239
30452
23039
32493
10520
32650
-25911
-24722
-8579
-16023
31842
17013
-9112
31406
-30211
-27466
-7736
-8779
-32768
5137
-9413
3071
-6565
10873
-29197
30873
-1693
32156
302
-25014
-32760
-3818
-25024
-32474
-27960
-15552
21281
26958
-12386
18356
-6701
27916
7709
32764
-32464
23034
-5689
-11980
-27562
-14677
-32614
23482
30882
-27591
-20315
32272
32569
32530
-11051
-16538
-32739
-29715
-22506
32098
32758
5667
-13780
-5618
22947
-17724
-30395
-29539
-1005
4727
-7100
-30685
-31883
-30883
30324
-5463
-28209
-32403
8552
25386
-3143
-30066
-26873
9686
-7403
-22796
-32717
-30864
-3412
30055
32669
19497
-20856
32185
30319
-23451
13086
-7051
-2555
30912
-32203
-29772
22142
30029
-31275
-32763
24720
14671
-32591
-10108
-32423
-32365
-23005
-5308
-19469
18760
-13785
31398
-24334
836
-7904
32433
17843
-22853
20571
-32098
13819
-32751
17486
22999
-2329
-11438
2060
31556
-10728
-32421
32415
24682
14651
-25984
18654
-19333
-7051
32020
-15850
32703
6421
-32676
-24309
-32702
-13503
30962
-5298
-26103
-31317
-12456
-27743
32446
30994
27336
29715
-11884
30051
-32559
-30572
15386
-2389
25234
-27343
-19658
29913
-28577
32735
-29671
-18832
-22963
-28692
25936
-12598
-11255
-23490
12170
6424
12870
113
-26619
32468
-19065
-25860
29261
-11222
-5701
-32725
32439
-28121
3568
-9509
27912
30882
32733
-30343
930
30236
11479
20148
30925
31862
32671
-20858
-20632
-24489
-32347
-17605
-20559
-31414
21500
-16487
6531
-30216
-15308
-26630
32529
-17990
-6198
-32739
-16141
-32640
-9280
32727
6802
32164
32627
9638
-27645
20244
29519
-20725
31072
-29586
12754
-10291
-22048
29719
-15579
-23501
-32391
16424
-28349
15361
27884
31175
-6734
26680
-11488
8972
32268
12722
27943
-32696
-21030
-19137
-3
-15069
24108
2940
20899
25022
-31672
8400
-1172
-8945
17851
-4845
-32736
11784
-597
21066
29095
22492
-32045
-13643
-9473
-28396
-22036
32751
30561
-31661
-15300
-10150
32337
-85
6756
-12925
-17411
-15072
-16587
-23606
-21320
26050
-17246
12870
14870
-30434
31148
-24273
29328
32141
32612
-18788
31222
32519
14104
30275
14310
-13745
9743
-24616
-25839
-27909
-217
1350
21248
-16973
28797
19365
-28707
-11573
-3274
-9398
-30624
29172
-4907
31490
21657
12397
18481
32550
2937
-6078
18616
-19588
-5605
-25008
-29516
-1918
-26520
-16773
-6593
-32561
-29674
-2671
19736
-30421
27930
-32664
25170
-32574
4108
-31604
-30599
31651
-4500
-25570
20993
10502
14649
16798
-25714
27801
31685
-2354
-31969
23989
-23678
-31608
15108
11078
-20722
21793
20690
-15640
-6992
-8105
-11538
977
-11878
-30103
-20360
-32747
-19949
32688
-19006
-12138
-24583
-29922
32550
-25654
-19216
-32393
-12931
13115
-1470
735
-2636
-18590
-31289
32748
-12068
-31428
20661
15535
25049
28758
3512
876
26193
25839
17305
21088
27537
23095
-2786
26988
30702
-2276
19045
-12042
31232
7538
7213
-21102
-2091
-27001
31179
12202
-6004
24205
-8303
-16506
-18369
-27600
31957
30289
20365
30159
19934
-4136
-30938
-24664
12432
27982
7590
15555
-32708
-10105
-31254
29041
32645
11243
13720
30369
16130
27415
-31598
32582
-21186
-21339
13834
31714
-15113
15877
26733
32490
-32509
-32101
14440
27753
-26845
-21524
-6710
23816
2066
17235
32214
25394
-31276
920
-11720
1040
1517
25276
32406
5460
18499
-25455
18955
-18273
26229
24127
31599
-12159
18234
94
30738
-32726
-32737
-26307
-26994
-31561
3268
-5218
-16378
-20456
29157
16369
-27578
-27393
29925
-24408
85
18029
23615
-1357
29204
10117
28927
-29746
-19454
32383
29596
-5630
-11705
-30876
24496
32685
-19447
27569
21358
-19774
-15792
24498
23995
-30552
31561
-15787
26958
5385
-21647
31479
18111
32493
18429
-6488
9545
-29489
-22385
28518
-26163
1256
2085
20921
-23825
-11790
-27876
31559
-23014
26834
20766
28480
27935
26870
18572
-9413
24855
31980
28844
-25290
32446
-30162
-19165
-23409
32633
-31218
27859
-22742
6482
-32500
13471
-21564
26821
4114
10076
-32735
-20439
23277
-9350
23180
-27006
30835
-31065
26109
25455
-29780
17922
-19116
-32767
-32710
-32054
-30862
-1589
-9605
-10888
25103
-21854
31576
32673
28421
-8178
-16127
25659
30503
-16951
26765
27666
32387
2930
-16795
4590
-25867
-8549
-2771
848
16190
-31006
12217
-31046
24927
31482
-31132
-21602
21334
-28612
-5655
27749
25037
-1445
4264
31281
27771
29746
-24751
-12734
236
-26297
10073
-9515
-14409
32451
-30964
-2345
-18626
-8248
-31788
31608
16091
20177
-23008
-1140
29972
-29139
30676
32707
-12792
30299
24095
-7057
-27093
25481
-2144
27110
31763
-24637
-32666
30513
32723
13950
30762
-31890
-30595
-29535
12223
12745
-18996
29098
31720
10490
-24437
499
-22738
-24709
-28169
-23420
7501
20649
32765
-20205
17168
-9247
-32733
-1686
24535
-13414
-12575
-18986
-31821
-7956
-28793
9974
26363
29359
-10061
26028
7078
22346
31539
-7143
26385
29920
-3515
-26074
32496
28435
9557
-20338
-15227
-4186
30262
-27964
16214
4519
-30929
32724
-31168
13782
-25033
5509
-20256
14632
29038
-32567
29072
32717
-28247
-1765
30113
32288
27400
-11811
32704
-23261
-16698
763
-11311
-21865
-10404
-15718
16530
21441
-3224
24976
26390
-4482
-9749
-32479
-14783
-32749
-32768
-30359
8297
-12304
-32359
-8942
17462
13956
26745
-30350
17088
-11364
-3849
26546
22419
-31775
24410
32153
30986
-9539
-24311
19691
-32382
-23464
22510
9202
28802
32734
-5487
-20180
25196
-22249
-17034
29519
17766
-31969
25802
5973
32766
6470
22152
-16443
19024
31138
-207
5171
-25079
-23197
32746
-1294
-31199
31595
26608
32582
-1225
-20338
23608
30320
-32665
-32766
-30476
-16662
-20048
-2097
29412
4547
29006
23593
19726
-26474
14155
-30220
8242
14990
20593
11611
32767
16973
32719
-18667
-32767
4516
-1225
-27947
