4194291
4177971
4161778
4145709
4129764
4113941
4098239
4082657
4067192
4051844
4036612
4021494
4006488
3991594
3976811
3962136
3947570
3933110
3918755
3904505
3890359
3876314
3862371
3848527
3834782
3821136
3807586
3794131
3780772
3767506
3754333
3741252
3728261
3715361
3702549
3689826
3677189
3664639
3652175
3639794
3627498
3615284
3603152
3591102
3579131
3567241
3555429
3543695
3532038
3520457
3508953
3497523
3486167
3474885
3463676
3452539
3441473
3430478
3419553
3408697
3397910
3387191
3376540
3365955
3355437
3344984
3334596
3324272
3314012
3303815
3293680
3283608
3273597
3263647
3253757
3243927
3234156
3224444
3214790
3205194
3195655
3186172
3176745
3167375
3158059
3148798
3139591
3130437
3121337
3112290
3103295
3094352
3085460
3076619
3067829
3059089
3050398
3041757
3033164
3024620
3016124
3007675
2999274
2990920
2982612
2974350
2966133
2957962
2949836
2941754
2933716
2925723
2917772
2909865
2902001
2894179
2886399
2878660
2870963
2863307
2855692
2848118
2840583
2833088
2825632
2818216
2810839
2803500
2796199
2788936
2781711
2774523
2767372
2760258
2753181
2746139
2739134
2732164
2725230
2718330
2711466
2704636
2697840
2691079
2684351
2677657
2670996
2664368
2657774
2651211
2644681
2638183
2631717
2625283
2618879
2612507
2606166
2599856
2593576
2587327
2581107
2574917
2568757
2562627
2556525
2550453
2544409
2538394
2532407
2526449
2520518
2514615
2508740
2502892
2497071
2491278
2485511
2479771
2474057
2468369
2462708
2457073
2451463
2445879
2440320
2434786
2429278
2423794
2418335
2412901
2407490
2402105
2396743
2391405
2386091
2380800
2375533
2370289
2365068
2359870
2354695
2349542
2344412
2339305
2334219
2329156
2324114
2319095
2314097
2309120
2304165
2299231
2294318
2289426
2284555
2279705
2274875
2270065
2265276
2260507
2255758
2251029
2246320
2241630
2236960
2232310
2227678
2223066
2218473
2213899
2209343
2204807
2200289
2195789
2191308
2186845
2182400
2177974
2173565
2169174
2164800
2160445
2156106
2151785
2147482
2143196
2138926
2134674
2130438
2126220
2122018
2117832
2113663
2109511
2105375
2101254
