17862
961
20896
18252
31420
22858
33895
19169
17975
21037
6439
63478
25089
61987
31898
12150
37156
2810
3264
16061
13900
63428
6270
47733
10305
50831
11339
47325
65336
58836
23094
7029
28616
49003
35905
53857
29052
11209
38423
58489
45627
6532
42911
18156
60238
34390
2255
19864
34172
29056
25531
50228
42780
59931
39508
12536
29879
21004
22255
57807
63786
65192
39363
19236
11900
13943
62101
39111
13763
1534
46959
48458
49674
7131
27181
34124
49042
2551
578
3588
64429
7275
4644
46146
2721
5475
11137
43970
33689
64956
64625
34913
1530
40515
62066
42844
20951
36597
33787
25041
38876
12242
8603
51492
63772
50326
56198
54990
20076
62395
18041
58447
63582
33993
61424
22461
59187
14224
60276
11491
20773
15324
14088
30112
18959
46963
12497
1409
11290
56135
4224
13178
35762
47248
27431
26079
12754
60192
45135
37848
9717
15021
17264
57883
9999
5978
36946
33477
43724
48867
38813
25711
7270
15898
46909
37113
4472
3716
15846
62422
56322
8023
29262
10665
63015
53240
64350
39948
27998
19833
38673
33594
44987
42573
46391
26305
46304
33035
52388
24
56306
50005
11345
2186
51780
64496
58701
32792
33419
11165
47264
23901
38456
42117
54351
3358
18277
55782
21669
23642
36808
31676
31251
64781
13712
42955
23995
47700
53495
7712
22095
55066
36558
28335
49940
31235
58647
29441
35199
38593
54656
48090
50343
16778
54914
24461
39760
38260
55454
30838
1882
48711
16333
22842
18294
51620
29989
20956
28328
62440
36050
47897
63101
29035
60985
61120
656
52204
35136
4292
38037
27232
56353
44083
61566
29547
35238
48298
13248
19168
7089
44498
3604
15465
54562
36312
11837
44027
21837
2201
29070
28279
37956
10580
37580
26862
43087
32408
137
12126
24527
15665
23360
11491
36317
2946
5603
6703
25139
16014
45983
44166
20678
39325
49084
10030
61135
44525
5373
44048
14724
17308
12571
6808
27886
14710
27385
26477
37212
45447
58967
56511
43460
50604
37198
50295
23643
36061
53002
17253
46852
44555
10217
52415
55604
33002
32014
4639
60468
57308
56076
51622
64533
56926
25713
28708
573
30099
9981
36742
16650
41317
23307
48892
15942
56723
38880
46242
22895
33012
33063
22409
37437
15443
7547
48360
61629
9602
35157
3962
63550
2940
20732
58849
55421
51635
47715
35887
40499
42503
35895
33019
31682
15985
53083
47744
22325
47317
16983
38463
1018
52531
3711
20349
18212
14902
8195
28059
25579
2519
65421
2188
41058
49202
38979
21319
58079
45652
15965
44946
30444
26694
28274
32873
5543
52430
9723
35967
52933
25099
27122
16588
41596
47971
27673
23028
3052
60112
3681
53804
56022
21389
26467
51354
34504
50652
47991
792
7392
21778
2485
60908
50113
19617
34189
41662
41742
57628
58508
55561
15231
4638
61834
37157
36713
26116
12842
50231
59609
60953
2081
50006
42666
55460
26875
54165
41514
57091
7205
54303
44874
10221
30054
63963
35518
38856
47156
30982
35755
23176
6650
28462
19398
56224
20632
39107
26053
60322
7883
15959
39683
29559
57117
24663
37341
49763
44234
48569
4485
37770
54755
63627
4621
38690
8752
62686
65156
16110
27413
8495
65175
13850
44027
28350
41903
31197
35800
18103
16727
9547
65161
4423
12146
14868
37596
34844
25330
60110
53622
28873
64685
65220
20538
62299
11584
12922
54254
23713
22907
19681
21036
54974
19257
17565
65440
19188
28385
52806
26303
62716
9070
63472
21497
54020
9285
35231
22832
57356
52185
18564
34094
27601
12016
61173
33548
8130
60098
58262
61583
9598
22917
32279
41191
16902
7724
10965
19943
22016
35192
17066
26952
24227
49347
1405
35470
17304
8748
38483
104
36268
10090
19351
41455
16983
13666
38148
59090
61630
9082
61175
37178
45635
41152
11972
6519
44639
18103
58223
50420
61438
57701
18336
64558
12181
16537
15633
4745
28910
33434
45242
9344
45011
22653
33473
32195
13669
15029
17366
23270
4726
42811
45130
60324
8298
54587
921
24172
12727
44378
21660
47383
30653
42979
36285
35126
16258
44248
56331
63770
650
44408
63757
53210
49459
36181
62440
49747
4210
1015
55732
25486
28917
26673
64642
32239
21559
64022
37784
57604
58118
778
47962
6094
32491
22578
8786
58238
2238
53233
156
48961
28000
6148
45528
36240
24054
62014
46299
18106
37384
1151
23687
5759
39599
38752
28642
30635
58234
52424
38889
63003
18431
41759
20344
39546
51080
5237
64432
9634
46754
4516
5252
4910
16632
60032
21741
16504
43286
64526
9982
57377
30887
35503
51277
5037
39261
59957
4135
46614
4272
21471
12418
2464
856
32876
55953
51551
6300
13395
15183
54919
21238
11097
15962
11343
55990
11658
43735
46108
25677
45017
12745
56114
30030
35709
42041
464
20725
21850
4546
42795
5385
7071
2032
60560
20490
51402
48822
31621
53921
11593
7580
41335
47253
42567
30307
2813
30297
39898
35827
21001
48776
20627
20077
62528
38102
18170
8979
25520
12774
6447
50968
33244
28224
61044
34493
57069
43015
6915
18587
53750
48831
46728
61921
49291
2223
25889
63251
61905
44038
7577
65248
29136
30463
6370
55203
51930
29425
426
59535
11975
31754
8114
53214
31338
35646
23296
52726
44310
51633
45209
54496
10892
60698
24121
41150
42342
40400
7356
6750
19048
5061
52263
60886
37915
19130
33346
22460
24076
6159
46189
33802
49262
59580
7303
7017
920
24299
26404
22544
57360
20194
18801
25220
26141
63958
45932
58197
7475
55861
19296
6558
2317
3940
25374
3966
26468
26604
11745
39770
1324
29994
32575
64460
33570
40854
53040
1889
40653
48617
38984
31026
41342
24679
18104
39534
1686
44055
59882
65152
1820
41053
46316
34660
64380
45226
56616
48796
6029
7121
34940
60084
45159
24325
7024
56370
50830
36058
38330
65522
31792
42931
24269
24547
3558
20426
32209
41148
45351
57976
4208
62080
41478
21046
30715
36261
44551
45236
10672
42872
25439
4765
23394
1200
47292
45426
51426
3190
14712
30345
14234
41232
56024
31336
606
62782
43853
23183
35895
60158
20647
46925
24873
62341
45465
25670
22084
9276
45342
19895
3463
48899
12549
29613
45169
9490
34879
33108
2578
50663
8470
1549
3750
43500
25999
820
6308
46366
35665
32824
42963
20180
20624
47727
7681
32422
43994
39601
22468
50811
46523
62478
28888
29512
33722
13966
11438
26224
16111
43306
39046
8766
34516
23491
15296
56441
57696
4087
9499
57007
13880
33947
35502
28191
40217
55567
5604
20956
27367
47068
50432
59652
12571
11249
57805
55372
34477
55335
38352
48290
59703
13794
62581
16692
377
13994
32072
20424
21360
16869
30610
16381
56778
16578
23936
40382
15975
27803
2391
19823
52336
61187
16955
60161
49558
28352
53671
787
5805
53958
54798
49971
45059
11143
19884
3684
12714
37474
55612
24764
36711
7472
22363
43934
49205
43692
56717
10223
26601
34897
36485
32360
41110
511
53527
56284
36970
15416
2504
24571
1351
23241
36729
62451
45581
26759
12737
239
46336
58863
55485
24766
50810
53258
21676
17341
39537
11980
3470
28824
16903
46793
43479
14511
15771
4345
58696
28530
9764
39752
54596
8722
36147
42803
56345
54523
49196
16819
19034
61651
38790
54330
40920
26801
65348
3558
34607
1380
34395
40971
4437
29333
38620
28361
25658
1728
8201
43315
34883
23370
1514
59793
64810
42496
43396
47850
15294
18941
32914
45774
43645
17239
42958
18453
34507
52923
39090
34228
42719
26447
15068
63823
60551
58895
10449
6062
2363
36216
27058
63423
58414
42867
22757
24149
39790
49951
25399
49568
26017
59861
23291
13796
21457
27676
32881
28342
14389
50202
53592
32769
24622
31120
58009
23627
58109
38968
32941
33036
60435
44699
34546
27930
51183
29696
32373
38970
25112
37393
42156
34360
38257
45504
11939
15883
43910
35990
58793
28230
12174
21631
53516
4715
12462
1447
15123
16971
24216
35049
56715
3839
62839
60062
23585
15901
41671
21881
51179
40022
38901
39399
26939
31418
34956
7345
34909
18588
53113
45912
60460
56562
64080
6013
568
55631
49210
9498
10129
43456
38632
23619
29513
32944
35558
52438
3172
6264
37998
60262
19816
26471
29176
59049
49694
33117
19741
48933
16275
21643
60770
43301
60432
50366
56647
42398
25385
59937
34829
14279
64309
26628
43739
47969
26769
10828
62001
35397
5571
33080
63757
39088
43264
6571
109
21103
28581
56538
18734
60627
36498
28876
31845
17754
62431
13285
46374
5402
14505
46351
55224
50134
49455
15007
38087
35194
25789
39094
35209
29618
17160
10532
22007
55079
1854
19997
47610
50152
33985
60403
53523
47885
14865
51829
1106
35802
49337
23714
35717
39299
21780
4618
30979
28020
36820
17840
55178
4494
15344
31364
42444
18107
30943
40902
44839
34637
7737
55145
54371
12668
25022
56757
33672
19245
36992
19202
13732
62039
47654
36396
2564
60171
19284
53476
29515
12244
8733
14707
40596
22106
5027
16728
20811
23924
34809
19138
39835
54322
7499
65396
55030
1464
41929
11880
41428
59639
59813
13010
37685
57355
25670
2446
5641
58966
1439
21153
5311
28137
3482
34386
14948
12005
54560
9053
9789
6675
28465
15664
34033
11755
54353
10294
38237
15735
24580
17516
56813
54252
5395
7431
38967
47202
48902
44178
54421
41343
46511
11255
56914
20826
11358
38612
36222
19519
65051
38328
64904
51939
55962
27069
60161
58030
44031
33951
28685
53991
35369
24431
12352
31553
56008
39247
45735
11126
21869
4820
36645
25504
22081
13228
58167
39664
21533
25080
63029
24031
7462
45569
22732
5378
18545
12078
27347
15835
58197
3708
64669
40441
4000
50830
12789
20354
5178
1362
53391
49585
45379
3309
6558
29239
37427
14821
39269
33159
63862
41701
59175
26848
37185
50632
27677
17370
47621
46317
59899
3357
19728
6653
725
65251
48753
54892
46354
25596
35480
62323
57393
58022
4260
3668
64369
43636
9794
63390
39361
57745
51612
3280
55201
42598
49246
58095
50075
64198
51516
41770
1231
21953
36236
4152
61656
26176
38921
45621
42643
25860
32913
17732
32638
3214
32045
58323
33929
61296
7602
45297
10685
27379
27866
38862
13152
30164
50053
4269
26337
57139
44701
12128
41727
34612
31665
30249
44635
56701
55271
65376
49313
1618
61365
2647
54806
1292
42923
34139
65079
35332
10637
46175
26859
44700
895
8824
53897
48960
43668
58391
58430
64021
518
35527
38999
35018
44581
43867
10730
10420
40554
60685
29559
47402
8410
61080
22025
25092
5473
20192
62109
36285
25629
44709
40102
40067
58598
18564
11802
42740
16171
30555
40582
63467
46274
24013
63467
46198
59288
54020
64451
19524
43450
12367
65126
35655
41836
24763
64902
46109
25723
55326
9648
44891
48849
25504
60448
57276
20584
27494
18458
15686
12162
56433
9754
49538
6992
37857
62122
9715
44578
46202
35375
19656
17339
56555
14954
3908
40214
50919
4487
36533
42885
12550
52765
62256
59762
12448
7973
64829
47651
28163
47780
57646
12150
30299
62811
41958
23591
36768
2101
65517
50859
29055
52335
55358
31820
27213
48194
54821
43687
36426
11591
21039
18125
10262
28003
27998
55143
50393
45792
11038
11005
51436
27559
26712
41713
3431
53240
47034
28149
31055
9938
32333
29163
1943
19770
58718
9804
14583
21801
51183
40819
56592
36284
38735
18903
58579
60629
37489
31127
31022
37966
60338
10543
9242
38764
24426
36196
29960
4433
3490
17820
12108
23430
36141
28782
13542
23115
50545
49375
36109
62351
20052
57050
44885
5168
2918
61361
36059
44776
4647
62438
6529
47095
53511
50622
45438
63278
32944
54703
52212
7179
25501
49933
46622
12245
44407
52644
41505
53727
15039
61441
21982
42988
38750
5533
42391
45785
47170
55270
56811
34930
40815
62709
49286
63899
32731
56273
18640
44719
30941
63172
12080
36466
38375
47191
38943
26520
17742
14704
56893
17169
29437
5321
7489
10974
34564
13535
2135
64418
8776
61310
18561
46727
12766
22331
22365
12317
13671
45229
10051
13244
30816
27810
44493
10147
287
64903
52042
30910
29541
55529
9599
46270
25025
18166
64379
61436
3548
52439
40551
1968
39781
49397
57541
54038
19728
10979
6741
12802
40379
21093
28905
63685
18434
32291
54428
51147
4275
7317
46534
20369
60804
33689
10943
59950
1200
7518
10829
60784
25488
23396
31065
8711
7548
7459
10498
37017
34921
20514
12453
37801
53893
39345
21479
28214
21466
4913
37222
6537
31783
3153
9707
30212
57699
39334
53058
38566
33772
16887
57827
51169
33638
38538
5552
60617
35091
32445
22443
32973
61021
22751
35346
37443
52496
60551
2134
54169
57175
51695
21210
60650
29777
36177
22228
13201
27978
30966
43868
6294
60625
29085
31910
50326
10640
14961
17243
55276
49208
43234
31640
20712
15339
50464
54222
13558
30849
25717
19341
41124
42202
13846
37815
33078
14887
38653
30745
17667
32933
38539
18269
58854
50436
64020
35529
14465
47846
24266
8466
57728
30640
45035
18189
19946
50965
60638
62244
7935
57195
38463
39985
14732
1005
33961
4454
31275
58631
63007
47191
46319
7662
20613
21216
38618
61378
19750
40083
45876
45941
13548
19558
23297
18427
14953
24760
36400
64596
45341
22896
3995
14829
20352
30396
11721
8002
24747
52924
34634
51890
4294
59995
5456
48513
18940
4556
47872
32191
7021
44376
64246
61121
37464
6749
32834
2635
5913
51494
11732
63316
49930
58959
28664
41626
37509
56534
64658
54142
62110
16044
53188
57108
19489
13484
28586
46209
33449
30067
47995
58448
13922
58290
10668
61279
12966
34743
21950
28889
7997
38772
22981
54905
41819
10111
36368
51831
806
4159
23353
23214
24110
46227
13091
30368
40512
43144
41064
53358
26187
13645
33969
30326
45342
6238
35768
52242
5166
61598
19270
65441
62136
60270
58352
12864
14267
46471
53545
5949
62075
56300
11347
38204
16057
1337
26361
33864
24183
55662
16282
32170
39572
12622
39590
11163
12945
63736
27654
56078
61524
2757
16750
33663
47432
56774
8436
21340
63229
21611
13932
49051
53540
16522
5299
41977
57404
51440
848
13833
54638
51348
42261
60542
24558
33281
31355
23549
15375
56112
59826
8707
41109
10052
58932
21138
24424
4326
38570
38368
28382
41110
65529
28719
41545
10043
20282
44557
54618
33999
29405
47688
9008
12680
13907
7782
27404
48563
63872
49555
40462
42819
61593
2452
20005
56081
55217
39479
33921
4698
57014
29375
17362
29111
6687
3338
12637
58506
39043
49644
1429
35213
51967
58058
35008
1665
44238
1206
3263
48255
51125
22378
64866
20388
44787
1571
30868
19708
22054
8692
11998
19771
24858
57060
63669
20259
25299
40915
50219
22903
56234
44186
14722
62083
55944
43282
18722
25440
31538
6762
50575
4965
47337
5747
41522
18112
40018
10019
20306
34121
47257
42095
28522
44464
18069
24630
62030
32394
29735
51616
37228
9806
49275
63944
3313
18727
57560
40646
53816
53441
28069
14716
32399
37028
16915
15430
46775
59024
31143
19365
53973
17990
46442
58749
46495
12952
32927
6225
19231
51326
34788
35175
52937
50108
9427
32268
56201
17064
63031
17907
41030
22454
445
19652
16706
8089
23575
38024
492
19956
29417
2587
9381
7957
31794
13800
54991
18795
64134
925
35035
63138
374
51816
53946
32612
8738
51275
7711
37236
31533
47868
6092
28909
30918
24256
55760
17463
21053
22945
36319
2060
30761
43642
14605
54725
30971
57356
65057
9391
6711
5794
53296
53099
59121
28814
2779
16829
41894
53504
26351
52037
14296
63875
45876
40993
63586
15522
54401
63541
45151
58169
22577
63612
35023
20081
55336
9415
63686
23724
61179
8269
63634
47639
43012
46873
42181
1232
9398
47601
17003
11417
28978
41641
9003
32696
9246
59877
65239
42176
515
9375
58473
26501
42369
33854
54799
15915
28580
54493
54164
21763
26493
16448
45960
58080
40436
65368
52008
46230
38330
21237
403
57005
58565
25880
15151
14078
29094
3305
43420
14541
24045
20412
37255
23249
25166
16728
39822
45669
38369
63862
30449
11338
7884
58055
65208
62753
55859
45603
14244
40849
63117
19579
10856
50429
21247
31035
15550
28740
8753
19919
47089
44968
37811
49577
36707
35986
23892
42478
63496
5832
31573
60024
27738
41904
17141
52247
62619
56382
5258
55670
52191
14297
43121
3117
40047
15254
30568
43793
61462
30855
955
49280
53013
44954
19403
34856
24621
58755
51047
41217
34473
23140
48290
32041
40706
4688
19661
15051
13202
15615
21217
49396
40985
29930
32520
34876
48675
6860
19937
22086
44222
47105
26650
43097
49652
1347
29476
48575
45048
7998
39464
53904
48533
9196
43821
6438
28251
15414
26429
31067
61190
54456
54911
21894
39661
8360
46455
10330
17268
46934
54462
59548
53497
44737
4511
51524
20006
22455
29052
18321
22567
49836
24814
26591
44623
17699
618
30551
29826
34683
21283
5315
28045
38125
37959
12825
41714
16069
43056
40746
10989
60273
3035
36385
28559
53282
1680
5564
25335
10523
32742
21640
4024
247
6519
43978
4450
12517
19487
15444
28598
10768
27773
14736
45637
18053
24110
21618
6764
48468
64787
16365
13217
18885
46480
33568
65442
57676
31855
38547
26941
50077
40127
45427
20530
33900
17942
37778
44932
1716
42949
35893
11698
10170
55462
35718
45362
328
8942
18564
13751
45127
37206
57784
42975
51625
37833
43535
30689
58602
22094
30631
39844
51901
24584
60040
19445
42320
40586
51517
58688
18372
45817
26481
52377
17546
5604
40758
32956
39005
26906
23481
40764
34936
63264
53604
31802
48741
3528
13632
32697
54300
17599
43531
36522
5415
36025
18637
138
65018
23121
28152
37688
2593
61479
47890
4809
17343
61209
41282
59971
35066
13566
50037
55955
49904
19201
32197
14784
15648
14037
63046
47985
16583
43291
62846
25973
42787
23747
40958
30734
45717
48854
61203
42879
1768
40543
49748
58423
47032
20701
3828
23031
52115
1
266
49458
59338
29596
61760
19788
35179
2561
58915
23397
44001
46289
15475
38670
924
2703
19609
42693
63917
24083
56413
4062
40416
13614
23338
61495
24355
35229
12155
10306
15529
8887
7131
48402
50062
23177
45967
34020
58935
62117
15587
60582
17425
28246
445
46784
13993
17083
6614
9116
1297
45605
33940
42371
30560
32515
60887
56117
61848
58943
43195
41585
375
64635
49695
28431
61409
41383
29727
31923
45231
3375
8487
3315
44577
11032
43015
44029
27694
1274
28932
7553
37236
64759
45380
57730
50725
39118
47181
19308
19043
54239
53999
9774
63195
33637
4254
40703
22823
61666
49299
37601
5372
16355
58132
26263
7014
47541
31054
12544
58956
52367
45847
10266
18311
23326
44397
25628
48120
61970
54342
59269
60737
53095
62436
55255
64862
29859
3782
12796
39378
13308
43351
54488
13361
39843
19350
54892
62515
39760
61312
44551
39731
23618
16591
27915
28760
10616
41968
35878
726
47347
37708
43181
43631
10571
16549
4331
57039
51099
17209
11416
57691
8334
12811
30407
14853
5531
12038
52359
559
39862
14728
6204
35745
38934
21439
16099
4721
4684
12714
38246
28272
26189
64024
31423
8821
55235
11923
11323
11860
25434
57252
39719
19760
18596
64040
41777
22286
36822
60148
12725
2695
14065
43762
2914
3494
42861
62546
20136
57427
17823
32706
65322
31770
37196
49223
4304
28736
59992
27830
60597
35856
34923
24830
60410
42463
34217
16507
17752
6207
23979
36681
29987
2695
48116
14916
6038
40474
40261
25789
61545
5247
24905
59634
17933
5356
60696
22876
55772
60046
5068
36976
2805
10211
49062
6798
24403
12216
30448
60979
35735
64754
49994
36669
57226
11467
15637
25959
36531
44525
36801
24353
41208
43091
18088
64914
41437
51535
2037
27434
48287
36454
17163
57702
32744
6182
52161
41365
3848
5665
63610
32939
28165
49868
26625
20735
41870
19458
37229
42927
57706
37551
7335
45541
37204
13061
23496
58758
57489
6350
27030
51671
26422
22083
65056
44864
22185
46533
65167
47874
12884
65459
64007
46642
7856
64445
52191
15496
3607
12660
39083
39389
41129
48610
41713
38305
14235
13720
51134
63974
18505
36137
10100
43011
39603
49594
52264
1423
25382
59998
33466
38840
19983
55648
48094
58281
51941
48706
54061
14132
28692
26401
58840
59025
18307
2005
14705
33087
24696
3700
2790
44732
1407
365
64470
41521
56126
37757
55904
23826
10145
21023
44514
51914
15040
7173
24701
49124
10769
53958
31383
18175
53585
59250
26991
53764
20559
7694
15400
53211
49434
62239
59472
41967
753
34183
16315
51960
47481
27016
3303
361
3549
42361
42798
47605
34704
36147
59699
21000
56542
29399
48089
22481
41573
17797
55865
34251
26985
19662
14754
26415
53147
17931
6903
39780
60825
39086
52965
41872
47063
21635
28384
29704
5599
34295
647
59479
22490
3173
42264
3941
61596
61018
46493
62945
35673
65473
10767
25671
5190
31935
7188
64928
61462
46358
40917
31332
38282
56747
38888
37295
49235
54094
13689
56140
40056
62774
29261
58943
57689
38046
16540
21501
11558
25057
45384
32699
1743
57312
24378
60724
1447
65248
12897
34095
6130
2024
54594
21870
50771
13069
64128
3389
20398
13432
39732
29142
62059
45168
24995
52211
56557
41003
59715
62225
33079
53122
24802
5861
23540
31749
43785
20384
54730
23536
65229
20467
38511
3822
46272
26670
51574
55662
29741
29972
41157
10079
32587
10045
23460
5149
26934
54998
55314
62745
38927
22869
13613
39493
11285
11555
38671
37123
28481
62325
62717
59570
44453
42087
30260
8400
22904
59680
17733
18698
17472
44708
6386
63639
11307
14887
23759
8212
40946
54281
14275
30574
42117
39074
43644
65179
19342
36011
2745
15891
16701
16609
24617
6837
44977
30153
35952
31363
9076
36988
49966
29367
9567
63652
56935
52666
48243
32773
51663
64475
46530
49669
5611
11757
12758
31849
14475
51269
37492
43088
57219
32570
38217
10238
65308
54746
41133
46303
811
31663
61007
56575
15247
46494
19149
54485
4261
7520
27964
4902
28293
53456
39245
3071
12406
36938
60116
64916
19369
29703
60461
42669
42605
47222
15564
8696
32277
31822
33565
28099
28153
21549
60890
48657
17734
59673
32206
20331
4303
27869
54735
52315
12939
47505
22105
46796
16138
21961
50256
22970
1900
17470
7870
59789
9086
53669
46206
44438
16153
52138
40554
25612
4162
64668
49455
63360
16630
47129
46776
38289
46338
16036
56328
31277
22610
9287
17747
59003
12625
50630
21999
30922
25457
28294
28879
35424
5488
64329
9072
56214
20170
59797
665
12437
58546
50531
1180
55740
57422
41130
39239
26574
26597
44111
25985
20886
47448
34385
15169
27538
52221
65058
47149
21083
60748
24725
46990
20141
63714
28000
5745
41096
43644
54703
29777
19406
51180
404
14231
1291
9479
8355
38477
47156
63762
10344
3714
7402
39841
36710
2749
46844
60234
4255
13466
50151
61492
36933
17772
34512
32361
55763
24941
29459
54215
16318
39170
2017
29155
40398
56784
65124
17874
52564
38695
22178
32113
11372
1580
26255
1986
22848
38286
32737
9675
56597
2768
19991
28173
41906
32987
52264
24166
61568
21647
3398
40720
27461
60070
60091
30334
53970
44691
23587
42188
28889
51429
23479
62414
58013
18516
10149
3127
60359
45516
35055
32283
60628
57549
25360
13572
35175
27806
33063
32202
38156
14624
53927
8434
57182
50414
25784
63013
9583
24112
4834
38144
48650
57486
55619
54593
65515
3253
44204
34142
20783
35273
48400
58424
1924
6467
55427
4501
58979
53757
44301
20662
63849
44144
16667
40287
48985
42317
58031
44798
35268
15719
59513
52505
9769
44570
50437
14580
38442
24832
35888
63458
64165
50549
45353
16363
62870
20565
4195
58785
46784
15854
43006
29819
4775
61213
1829
31937
41279
23336
64765
2370
57028
9628
49615
32429
26497
29074
51357
56162
58705
23775
39725
51970
46790
32846
17962
59953
40039
47132
31496
24941
15169
23532
42768
34313
20503
49714
64673
65450
60761
34387
6873
20015
20105
25159
53884
27752
10428
7262
29052
43663
51927
57736
41132
26689
53883
48396
49930
27386
55882
20739
64943
42933
22533
17134
44550
35978
11389
51299
12910
23980
42344
43661
55505
39094
36590
46093
20595
52004
30843
22961
20538
29291
26191
20178
63291
41231
33599
50571
56986
19184
7314
1333
56326
11644
58358
2409
18281
47616
34965
41995
51093
3876
52984
47320
7363
31685
16123
32868
8235
10968
12618
52425
6731
200
5974
23859
13440
11132
46379
4584
50592
53324
36960
17561
21519
64672
44753
46997
52022
10064
39925
28103
38464
33890
5610
65070
7456
16604
37838
35980
42901
29615
1603
25352
49982
46336
27693
33348
49531
56317
48411
5818
22184
13248
17179
47067
55718
10347
2278
19179
29599
29319
24373
19175
34569
14563
12645
36405
11262
46625
26250
63944
40761
28295
41726
18133
19976
1812
50474
15797
53262
40376
29781
23477
44290
19133
32502
37840
62649
61299
14615
54298
360
25109
37860
37056
53794
31639
44466
3503
47447
61892
20864
58736
457
43929
39631
28361
27038
21297
13761
46359
58541
45123
11529
31632
18219
29808
1677
60584
43910
15489
107
18359
19089
59441
39020
60839
4030
45987
58216
28407
39813
37785
61304
6872
49081
25513
62372
29550
21199
7454
64233
598
18823
22551
59720
26187
62644
17175
39107
43352
12300
39146
46182
35784
44663
47966
59594
14318
61145
9892
61216
20090
39296
41588
20543
11225
38938
4382
7753
53916
55330
14726
58001
36606
23266
23131
43988
19616
34815
42542
4197
4189
1096
65147
60865
4707
22923
36347
8035
48769
25243
31653
5937
20596
61255
59325
30554
61380
61864
2325
50528
30092
18117
11268
26313
36554
17538
19696
61616
54956
39434
59022
39621
3604
3491
38950
38302
33824
40165
52172
29345
53875
50720
62354
16845
40250
56804
50487
33962
1115
55750
29451
20342
53557
19486
36698
62451
27055
21413
58041
51288
23498
11618
29036
5916
49939
18936
22565
11866
1132
8408
49152
34306
10562
64333
19899
28007
9071
7996
39704
12008
15119
9963
14671
44594
16362
9713
54545
59740
36455
47984
62703
21810
38229
29399
26416
759
40978
35675
11902
51015
63663
2143
33924
11527
49228
30742
1083
5219
30308
63593
38194
25387
13163
43339
2104
4320
20341
51688
16914
50415
39184
16527
1463
45272
41221
58771
48763
64681
32573
49504
54346
33805
60641
29771
370
61905
43297
23320
45191
40535
35711
20854
42572
45835
46846
47485
63332
43251
32707
48837
21891
26445
58419
64988
26595
760
15716
45856
41920
45766
49417
14991
7077
45975
16887
983
14229
51918
55259
51826
32565
51241
60585
126
25228
51554
8196
58100
54438
6317
33351
9906
18389
28989
3155
59132
13514
12215
38386
57536
788
34752
34871
42755
703
31929
53855
43727
7875
57852
3651
43466
27058
61106
36097
14231
26336
58227
47240
42933
8533
4626
45645
16241
42444
37834
19793
4443
43470
14318
22115
685
11298
51548
43671
37516
9020
55478
52137
32558
41184
38448
44377
5387
38710
40027
12906
65126
15616
50219
19827
20344
42298
15443
57376
42904
52509
15112
25831
31934
6750
58854
51295
12757
3244
20705
60846
3307
57512
3142
34565
41488
13132
47713
61103
29567
17272
24550
55997
4727
26327
8064
10575
53577
20575
1188
28525
31781
23173
53738
9995
35497
63679
60924
60916
34587
30175
6006
38079
45601
28569
10335
55152
33985
46141
33296
32227
61749
34855
16629
21809
4350
63859
18840
46065
47941
56114
37976
39928
14620
15206
63915
47165
17433
19297
45257
40835
46178
63111
14253
39243
62442
21240
35764
38418
36772
17892
6939
28049
3446
38946
58987
46515
52620
60975
14072
43696
26999
32196
46509
2334
230
37066
27526
62140
60444
42056
55485
63157
2186
1131
51038
61002
1067
30542
8312
29903
36679
38840
13638
31530
53028
17944
52303
493
23550
5493
55899
60785
39011
20303
26779
5745
62081
47197
30267
37090
40594
62371
61132
38331
64403
45210
50344
44878
26682
59534
11125
18139
4047
54275
27043
47979
59380
59878
49095
17612
46666
4753
1584
8229
9168
51042
28816
22455
63823
16591
27802
27219
62890
708
8567
32125
37007
61621
35667
38161
7269
48201
17902
38298
46965
65283
749
4902
37085
49104
22425
27437
43176
53739
14742
6803
38557
33927
56452
24056
57244
42862
2212
10868
44482
50109
5710
14585
8370
59090
64144
59616
13173
59869
17700
55787
50367
53122
35022
27528
44082
6890
58404
47389
60779
1694
50942
44630
28267
8696
45590
28010
43722
34674
2562
5096
6778
58999
5887
8937
16740
17875
5294
9929
15693
51193
23744
52007
64714
15999
47890
46146
15595
6925
23301
34397
45571
39748
7698
20092
8302
65149
22199
9571
26660
54425
33517
51539
34941
47738
14266
26323
44061
25537
11354
52345
970
17412
1939
23127
47144
10866
59179
21561
27438
63694
35662
13107
7216
255
27013
51392
31387
62415
39808
43663
4764
7448
64889
54247
12643
44763
14274
22834
19466
14304
10828
5602
27837
13949
59613
47900
58501
7186
62595
20417
64659
37430
49895
43454
822
20872
21904
28149
27865
63590
45069
30880
41876
48974
41044
38270
35841
60073
49910
15961
43083
53587
40870
17785
53402
727
47096
17866
33215
18165
42223
27095
33621
1649
18104
2142
20677
51561
34259
24706
31963
45294
29947
53416
217
18123
61929
14666
52669
18624
159
30472
26047
33226
54263
64694
1326
20621
39309
3724
48364
52992
9732
21611
20468
23512
30542
24436
40153
13269
59383
63060
43007
60227
25109
18647
62156
18023
14102
41374
37663
49682
50220
4063
55559
40450
23103
21273
58228
42949
23283
58502
60571
21175
22246
9715
5823
36803
40923
28547
36426
36409
10530
3041
49892
45430
32036
41561
54947
50752
7841
38674
60296
38768
43761
29685
49046
28074
30383
37933
16765
2576
3687
51581
21201
44604
63680
19714
62694
15170
22840
47266
4969
37233
15216
47542
45508
22688
3911
36596
42972
49462
65150
46561
40933
44569
15596
21547
54260
28621
23425
61859
21219
3363
45983
11460
6154
55481
49059
1880
5269
49848
19963
50385
55934
49052
5919
46015
12538
20627
15482
1760
47989
21352
59494
22575
36196
13694
24654
40438
12420
54603
28162
7035
20284
18058
37084
31866
50072
44201
45435
56489
5036
27392
11708
621
58074
50716
13372
30605
65416
37613
51853
15650
13320
3488
61157
51658
55265
37801
42180
49931
61023
19248
39180
41235
39334
25957
64816
50212
44893
36104
64694
49806
20317
61733
41901
59379
41011
30799
42066
60290
43087
257
2862
41206
8845
39992
59397
19985
63420
54831
24697
27007
4055
39083
41471
38907
35621
19421
42808
43117
23914
56339
2768
24169
53574
46784
3193
45009
26328
3567
429
43607
18606
40128
1977
2661
36907
24876
22023
51307
46971
49153
14994
16362
53026
28274
9168
59705
28769
60120
14300
39409
43353
61569
30556
32619
10223
11195
59505
55146
32067
32248
4520
16247
1146
9513
4377
43731
16667
18075
50192
10831
34438
53306
1183
3882
39587
39222
5725
12618
11433
29484
25540
5309
1377
34275
40516
15844
58910
6623
8205
26784
8411
34195
50744
17411
58956
33501
26385
56734
63436
44403
34095
18384
11224
29708
63927
65228
34981
2611
6665
51363
15128
5896
28605
51111
28548
30633
3684
14784
21041
54738
35421
47925
15574
3791
44568
8420
33228
18849
42556
29572
12290
60102
23018
33387
2997
24679
45022
33387
11419
52355
36308
13304
19414
44325
21049
18635
15272
3511
46265
33671
14919
53618
31800
19590
11971
63564
26043
5509
20952
64177
1295
51384
286
59597
16164
46832
20523
10633
38423
29077
17995
36013
1156
12750
22330
22625
18639
54390
20460
18478
4109
36419
39975
48009
18776
45132
32165
11482
34078
39314
12425
19961
38625
28556
25656
36925
47350
42385
65034
17442
65469
12856
12632
9172
42467
26027
55695
50165
24874
20387
53209
27796
3439
25473
20563
54216
59159
38222
20199
50926
113
38819
54495
554
33646
29361
29276
37056
18966
46770
16958
40514
6741
16301
64062
37946
14321
30404
39161
33390
13860
40804
19761
404
42157
48066
52939
40683
16335
25548
35072
63720
7284
5289
8390
56287
18510
63432
36081
34075
32513
26103
9410
6969
56779
41266
5123
61368
22675
65208
43004
46563
6503
26652
25258
30795
25394
60794
28591
36923
47092
13538
45044
9642
28018
13577
59858
28219
57758
61012
58449
62143
38023
6816
8497
14731
52127
63469
47379
44423
14443
16300
13603
59324
5775
56767
64961
14481
6781
57515
39113
42156
38773
37991
20394
51551
24394
21494
5030
54966
19409
54207
39904
62457
16921
9383
64993
246
26690
48731
59021
8024
64961
19247
48282
31257
7849
39860
56469
51090
39841
58590
54321
48897
613
39883
55787
63426
32665
37855
30436
1262
29819
1572
28002
8506
14350
17068
469
23446
19308
42884
43071
15954
13114
20531
55861
49726
44476
46514
3175
46384
37063
19032
12708
22065
32665
4435
63178
45043
20145
22582
38515
26272
40633
64365
55825
25025
49370
34159
31690
14729
58088
14973
58727
11346
34071
60195
43344
48959
15603
32651
41618
63492
21001
56965
61041
59005
15557
24422
21477
49860
27943
57647
40342
54756
15890
21708
1214
19789
14077
62884
33780
13338
38431
906
38509
40372
48496
5180
42900
36828
11989
31730
65159
11006
21831
7368
56315
34479
45224
47714
52269
48342
56166
51355
31108
38092
12920
52535
41563
31845
37161
31538
26714
54956
39800
23275
60285
23569
19512
39188
9213
39200
9984
1200
48066
43512
5951
54093
31399
64823
21311
8858
30809
63595
50054
34781
12614
45629
41412
12382
39900
53320
32008
27024
63757
41273
52383
17082
40638
29687
13233
508
41932
29930
60898
1185
44167
6788
41626
8936
26440
17233
22214
56645
12841
43406
21325
38445
41254
24349
55266
8027
4366
35102
18837
39572
4341
45052
10992
41304
33829
27034
24627
60861
52770
64741
38572
31713
44824
62714
55709
34715
6053
18277
25970
35206
55612
44921
42659
17282
41648
25544
11065
53974
26310
17587
44548
35926
41137
21239
25331
37306
9305
31084
1289
43994
39854
47989
48181
28321
48379
3201
6908
10217
47985
51019
43652
52024
63100
33820
50297
64000
17484
12409
3408
63050
40580
52906
7998
28043
30272
9403
26797
12493
57059
49844
16187
9937
27763
41131
33184
49326
12502
56381
17859
27258
9385
22161
41734
17471
52727
41974
16676
16669
7238
34286
50240
1403
6274
25848
50400
21382
49013
51651
59649
4401
36791
50711
35073
17519
36769
10143
841
3466
59154
22007
3559
2944
15232
49227
27141
20995
16449
44321
28033
31276
42140
1911
13332
54672
49161
35844
48143
53411
54062
37699
36498
3018
1418
28069
5179
58367
17988
15750
14174
36969
5968
26665
17247
14535
5539
47724
15842
19281
24800
62328
63157
33286
35860
61134
3327
9924
40137
17934
9111
30315
12100
38725
52462
31829
31681
40059
34746
19930
43640
42398
5414
45136
28814
47892
22535
23824
19168
6557
63016
51849
9505
53041
6602
35440
12486
54977
30386
27273
22842
46539
42353
38914
32919
26421
58424
33029
60237
59080
25832
24643
36865
61649
35038
17249
57755
50048
37157
47648
17836
59377
34324
48823
60094
7125
46410
30295
1689
21367
44940
43608
40794
54046
34474
43789
56971
57044
63795
35025
14931
61150
60815
14242
18688
42805
15368
16957
61682
30400
40418
11176
27891
46274
7826
51497
21572
64563
31118
27662
47833
43553
65272
9176
31253
40762
7511
53785
43291
801
11714
38613
63086
57827
36
21034
60733
39939
29350
45804
51362
39734
18340
48696
56551
23989
57450
20496
59409
5670
11602
41768
37035
44767
59157
27845
59666
35794
25121
40005
46896
16651
9173
35708
19418
14153
59051
63099
18249
5058
50494
49295
33793
51676
19455
27670
33384
31329
43571
30967
25596
42413
49623
39911
53716
4643
13658
2730
55698
3799
14291
59596
28892
9079
16449
56577
15665
12158
7827
59683
27928
22510
36227
64749
3750
17527
60534
10710
26156
2094
52602
17940
5747
15719
41243
50870
49209
31263
8284
42814
33641
8607
55586
14501
41706
7988
38656
31281
61580
12020
238
45931
3308
15650
7575
10746
19515
42532
38868
36723
55000
61695
33458
43729
46106
32149
15857
31099
5152
56045
56614
29579
17922
17603
27028
30952
28250
47175
64302
57528
39154
31615
29889
65278
57536
9721
63756
23949
39376
19403
25412
20547
18719
8984
59146
42578
42899
26797
1952
58106
47518
19964
12787
5110
32645
37666
63336
10231
16296
40733
8978
8412
10335
11527
30486
44115
15078
62195
13409
54832
29798
26895
55175
52559
9814
21803
3693
45555
9838
11753
26289
10979
52054
34876
11936
41449
33711
16273
22706
34018
29338
50245
52813
64796
16527
57588
20925
5961
52214
63148
27401
1776
18615
47210
36656
5402
41926
59515
17606
9944
13942
7320
52608
54872
4825
719
65436
28453
30782
18136
37078
1441
26586
17824
8392
62060
22592
6456
10353
40039
35497
55990
63494
55690
33815
9952
29601
19877
44806
10933
51529
39906
15288
40498
25998
40112
46678
37789
7343
59573
51266
43997
28334
48501
52532
20367
10709
55304
20911
64935
9860
29695
435
24155
38289
56480
16991
10827
16375
15555
18291
15194
64135
27626
31207
65296
1275
34163
41967
47885
52780
48374
41856
31847
51372
53278
52084
3097
60443
16551
61826
44731
57936
37130
18004
4907
27164
56075
59681
57092
40691
30565
7660
8090
40391
37248
7572
34881
43402
10391
45426
29485
59563
61152
58793
41235
40115
11591
13429
54279
3770
49634
20073
20558
9079
34911
31106
58596
42120
32612
20397
56433
33074
45302
57691
39778
19545
17098
3746
5968
17903
27153
31574
44975
4349
31822
33101
10302
4667
8374
32391
57346
46006
1951
39579
19936
26461
59582
63919
48700
56569
54553
5043
52947
11661
54341
32573
40305
44050
52323
876
33946
18294
34335
46022
61263
52113
40429
37787
16970
19929
46696
51683
61791
4985
7964
27255
52411
48493
36848
62463
23278
36693
11613
47468
31645
4684
23871
4467
29553
60673
62236
2732
24540
63297
49497
14318
3081
31749
14120
15357
42822
13909
36385
51987
46062
6532
46391
1694
52467
50602
43552
31330
45663
30257
44591
53191
1013
63010
42270
14682
35113
18002
40991
17213
10877
19607
63739
2939
47547
64141
18932
7520
41220
14441
56428
27190
64155
61887
1895
54045
32889
52848
52607
46674
30099
49625
22190
13147
5183
40438
62926
37560
32598
12121
1435
1605
6085
14465
40035
13061
64446
24205
9284
4591
33360
46863
11873
55460
22152
62574
41009
32254
63273
55124
55339
54030
4467
22205
47233
55260
26815
36539
28330
58410
22044
64701
296
21833
40148
25828
25390
64904
27406
28687
9573
32108
26680
57819
10225
23422
36976
22382
2427
30414
42653
63358
49202
49196
58064
31542
58954
2751
61282
7053
38318
29932
49660
44259
11546
9264
10035
15594
7552
13625
49954
56493
14853
29500
36977
27557
16157
32542
50888
37198
5894
31712
63039
11135
24086
51610
47802
8842
13570
45302
43617
47294
62422
10759
31039
23040
61820
12490
35663
37554
34759
57361
43082
53592
2980
24493
39714
45479
6850
1788
3447
14439
9584
10176
17849
1536
40233
31290
44878
53853
1652
3
2536
34853
29144
10258
1435
35964
20758
37629
39970
37685
63989
31975
14709
10867
39053
15548
35901
13168
3627
47824
10882
58356
13168
44671
39732
39201
3701
3466
45525
41836
2077
21520
17580
3487
47141
56850
6588
23683
5027
16883
18871
27770
19248
37607
58992
4869
57717
55948
5554
15971
29217
8998
35512
2935
21825
37247
20719
34201
51566
63259
65402
47138
50478
45126
21647
49706
29980
5375
29733
29467
9258
40325
37961
29256
40021
4455
65405
21011
17103
22199
35325
25439
57815
4099
17780
62931
22750
35899
8243
17242
33376
37994
21949
51571
12531
323
31219
41324
65185
55626
15143
56335
32069
35791
48226
53901
38019
13994
6163
10799
37131
7021
55315
17059
49007
29951
23659
45947
53283
15753
47180
2046
35735
46809
42178
65471
15641
26868
50288
29664
62382
64816
49437
15412
63208
11491
22718
40876
63714
51897
37549
10105
21531
26167
41722
41826
22608
37515
28806
43290
35366
26375
63951
9320
28167
55301
16911
10584
22050
60727
52806
4627
37036
42715
51895
14729
5256
53513
32280
29060
2600
25410
41554
11043
63759
59702
65202
55568
52803
3832
7708
29385
37334
6767
22422
43141
62486
43065
25785
34918
55329
54165
24380
3216
582
39672
15815
22925
31524
6113
37565
36039
24291
39348
36039
60404
41384
21149
30132
11521
6225
23033
9259
41688
27826
62851
3307
57845
64087
41726
20515
2665
25834
19094
59334
29149
59549
2028
31877
30711
12727
27108
53311
63621
26706
726
58188
15426
61869
4686
60530
37893
12391
4937
55658
48253
24377
9836
46465
65398
64775
48969
26432
21596
12662
15789
52348
44194
52272
5006
41144
18578
29101
46550
11534
93
23572
35212
16260
51891
42228
60129
1332
59530
54315
10751
22021
5249
27793
37796
61308
41026
42845
36466
43760
30180
27228
40772
48518
23916
61711
24259
9298
8250
39791
39158
8763
40358
39274
16023
5081
30458
52153
9188
27203
21705
22410
4800
27445
58044
9192
58458
59845
51135
17351
50960
7263
17477
10096
53336
42320
45170
17445
46046
933
23859
57985
26829
50445
55289
10054
12538
21374
30456
60054
27211
13246
49751
35276
41162
56744
37285
41726
59360
52882
10132
26205
19367
17526
24000
33227
30217
36829
61870
6810
60562
21239
22380
62725
20476
15340
6659
21869
15755
46696
1674
10675
46368
18263
44336
21466
54993
6430
56907
3704
32007
2834
23057
17278
57190
62694
12681
11821
57492
23933
34571
32380
6973
56112
45753
26809
16449
21182
56953
65056
40309
75
48679
50066
19493
10656
28362
31448
60191
54959
11174
1221
5459
1289
19906
58403
26148
22233
61105
10634
43720
63380
45656
2711
48692
13233
51295
6761
46071
27282
12147
15939
17872
48268
42068
42601
32085
26910
57629
43357
21448
3251
22450
51261
10128
61028
42092
38613
41966
15938
58752
34210
43253
28207
5718
62739
24390
17769
27169
41285
6834
2973
38228
940
1379
46638
62683
47187
45740
24997
31094
40708
63420
45044
57294
45466
43447
13244
15800
30974
26439
19949
10688
36821
18752
61566
30292
16131
6521
35919
42525
24354
44940
27663
5910
36134
48025
18863
12003
13988
9094
33204
23752
43438
15052
23564
56387
7466
44135
16358
37820
32260
59849
25933
56529
3445
53976
59707
42007
8661
47152
28400
228
19915
58323
30892
24934
7639
10329
63942
44182
38172
13288
41533
30039
29879
32351
12440
8886
17170
47163
27400
31768
11501
49045
23657
64962
24972
26429
30101
39890
5690
2830
56307
14104
8330
29210
60906
19772
4704
16503
14895
47802
57403
36310
53784
20741
9364
52214
46935
52479
33758
15456
36476
51211
37489
20556
27059
38470
56805
55868
62018
9368
21660
44158
17305
54395
62533
56037
58048
1179
6029
25158
15470
3524
43731
50275
24032
32757
34398
57759
24578
29677
58059
58295
54702
6463
35363
8717
2488
5609
25929
65469
8411
20305
44542
18291
12881
5897
29213
19832
46885
64133
3174
61676
11249
43807
52984
34710
13740
15014
24069
46394
3898
23234
58288
45644
61157
53556
7819
46823
25035
29486
24173
32660
5729
16014
44543
28429
4703
18532
31067
59920
49326
33289
52965
24380
25614
25550
39641
32335
61274
20765
19514
5142
22780
39174
31857
63513
886
13953
48886
22553
9665
11672
40408
34269
47630
6295
60530
5431
8159
27759
51809
59247
3402
50093
47685
18802
41288
54990
62937
31278
37754
28985
56530
13710
3937
40249
8981
53805
3729
49578
15725
57339
51229
63241
18398
38657
22080
17803
4663
33251
37272
26845
61790
34672
51698
52229
4550
47249
104
30967
43308
39370
21327
20100
54614
43156
33004
59511
35021
9113
49066
23997
2879
56611
575
24247
49980
17039
12339
13481
54486
2103
16967
49980
48848
15104
12184
30139
22719
30059
9810
37655
23674
12652
55923
45221
17650
64182
28467
7499
34582
44824
47088
41245
48992
54371
23814
42418
7351
15619
38610
1545
15473
9371
43197
9460
60580
33459
6413
27364
54044
49095
50760
15727
54598
4079
12704
63188
52884
22832
47604
10852
36714
11184
60229
15879
30463
1358
30007
55675
12664
2689
963
47677
13925
24863
42129
41855
33090
39890
25705
55065
17406
18798
45080
401
64825
60995
37878
7896
30083
33626
5976
2280
27767
19863
53801
61612
47926
15707
26654
62845
8508
21558
48447
6830
43228
41449
43275
55823
52598
49529
23482
45480
823
10095
16370
3441
46395
48126
51878
5835
2331
6742
50732
23874
10651
40278
10435
20329
63985
47461
18799
57880
53606
32473
39695
21628
56670
24777
39030
30472
48745
61208
17849
1420
261
44731
22509
4559
28827
65234
32509
9363
5605
10986
9734
10540
32680
65161
8633
56730
35854
44776
13640
39575
18664
16718
28099
17029
39627
10738
13718
14962
50149
1931
11533
58071
53268
52372
36363
8370
63177
56609
58923
61953
8883
23760
49446
41454
50576
33779
56063
18601
10974
62418
6520
3746
23521
4233
3606
50506
6338
14547
21439
28008
57754
29885
39446
34386
8090
2597
22556
47382
17224
63546
19463
37715
59986
24429
31759
47426
15976
60260
53181
17033
58196
7807
53512
58732
39639
17576
49179
50875
57806
35757
52439
10471
37431
61781
16352
43916
53448
44417
30497
44092
49809
29228
65090
7031
30383
39593
5183
5293
11071
40959
34546
41174
59419
16080
646
27386
34806
35861
671
54008
60983
29406
27151
8318
680
16225
50912
11696
38175
32459
9949
12690
50493
6417
61103
20722
11827
176
24092
62808
61373
43071
24071
49355
30056
39803
10759
35721
9146
50382
19439
45991
26972
23034
48268
4206
57628
58341
50491
54515
61579
29474
20040
48988
51795
30144
36494
63210
45143
41433
15168
64353
62318
16435
16437
54298
29421
57121
64317
8820
43812
30743
13693
62271
1272
49145
39209
5159
60620
59324
49389
64387
49386
19761
10240
27017
57588
42861
42854
32182
38217
11737
60608
21090
65008
57938
61036
6302
26323
16436
26273
15803
9920
44886
5977
43302
36567
11354
30079
30596
3120
47477
46038
21466
39103
30909
54708
47927
52350
46397
61324
51006
28394
40401
50217
20920
24147
56435
26020
30887
43170
33894
54583
43860
23813
65435
1841
9108
33140
44952
61485
36846
54116
47305
1665
36104
53326
49907
64544
47419
38939
29551
63096
187
16716
42131
16089
44453
57899
64578
55837
14623
13184
61848
16789
41172
48976
64242
46274
35744
23187
7900
59267
64605
48342
45313
62610
13131
53693
13639
20194
35119
5886
50186
30620
37589
2907
64618
51065
15029
12134
5184
22463
4677
58003
24102
39880
34396
34755
12356
33633
36091
15235
12014
1058
31124
54937
64051
9424
58021
18421
19520
13324
32984
33345
5679
51405
5067
53497
5812
17938
55408
36001
39461
3474
8955
56066
573
53647
15948
21155
42673
57113
60839
46250
62121
32932
16673
12091
16599
9022
38939
16336
44037
5181
60799
61848
50793
51739
56091
52984
50424
6189
2811
18652
38537
59396
52528
61604
14810
48142
54370
29471
55290
45438
62970
48244
7432
8045
8536
20018
29302
10136
52477
22238
23868
53345
63927
57936
34175
51321
47672
21269
27609
45766
64628
43750
34318
27302
12097
9869
54368
55519
38501
50155
17806
14648
7361
64977
35799
16
52464
34835
28814
17173
10899
59047
21432
61618
53403
61037
43101
42370
60474
47054
12744
45091
54316
22853
43904
2264
11688
32352
46738
40308
45462
34187
33793
35228
16381
34151
500
40939
35044
61949
42551
39989
26556
17737
5426
56987
60352
6036
44833
13389
13871
10318
63092
48110
20897
56469
52247
50400
9653
56593
37503
39923
17008
1439
5405
21342
52622
56114
41031
12653
6884
1383
63996
45019
3914
34357
8608
14471
29733
60562
24040
50665
5995
41445
59430
35570
36937
19437
64004
38913
55037
58404
64878
3228
54219
46071
12881
3555
52577
30559
21082
53729
18924
55748
46027
2648
39495
2226
62127
35673
10025
12102
4953
2376
34102
4306
43777
37193
14418
13322
41223
54974
13520
33596
20052
61346
46020
53394
59459
8640
65358
32063
20036
21874
5060
22465
8775
48717
34983
21338
46533
15237
974
51961
3712
12753
54080
20853
15276
14000
3154
21338
2305
3948
41937
9770
32230
20393
44307
22360
60718
17723
33051
41942
23045
36904
7341
20952
50354
28671
16184
61116
29327
59237
53591
39034
17047
19903
3777
3410
5803
23598
13185
11509
25819
22107
13235
9556
6550
58750
20058
62050
54362
2411
52527
25921
42373
21857
56773
6574
54016
57974
37824
11817
59187
12381
34509
3109
45051
4527
10855
44758
38136
5401
14097
4514
63451
19109
49889
367
56403
54606
41153
16525
20501
47174
2099
9270
12169
39780
15514
36818
11773
43281
63196
21689
10681
41272
56627
17469
33499
62013
42145
41213
62122
54491
10470
3212
60108
64434
64562
32969
63960
18206
7011
34233
16707
22398
26216
62727
10306
37093
35429
38553
50773
59294
27971
40406
45730
54980
46441
43269
17837
26978
16577
16051
30753
19897
29567
10027
6828
33046
50462
679
49477
54019
64465
12476
15954
62505
22898
7509
47227
62260
42293
45302
22118
20738
39426
63224
33634
27821
21525
60151
40353
33869
20850
28276
62311
56171
52582
40214
37270
1320
65036
57897
32288
31520
8898
3455
29304
3253
13158
62989
56164
41148
5846
21943
27893
12135
17460
50648
63635
23719
1003
36183
15464
61424
64140
55058
30112
52183
34970
30796
21929
31893
18814
13191
28439
9409
55500
37367
38722
52370
27278
3437
11148
3791
7689
22633
28418
41189
5321
5118
62762
28649
19739
54273
8461
19356
16583
43727
52473
42636
56681
42311
9787
54196
7298
9577
17369
53278
17906
2354
43770
19578
49095
38343
4118
13287
49634
1000
2918
4152
3580
24375
41917
27675
34154
59817
65112
4988
24812
7642
21902
47295
1464
704
14193
59799
18776
56671
15167
50814
41328
62676
36615
13252
33039
9669
47562
654
29866
1338
18344
48198
48870
35204
5539
30749
26436
6731
41694
13319
15772
28825
56576
64110
40014
57949
36213
29046
11414
52504
57859
34550
20333
57665
65114
10964
39398
9065
16429
7077
13567
29133
52932
50620
13021
37660
45969
3321
32683
57291
8005
10181
14703
43913
51248
52687
34283
8896
50710
47059
65314
45092
36463
43711
65281
20883
13805
64664
17698
47227
28225
32285
29945
24052
6157
31464
51669
8642
45805
28093
38914
35682
9482
40262
33451
51271
64869
63121
10702
54185
38883
35982
345
13692
22420
48206
30988
37267
15098
49174
26155
10910
45581
54136
11612
42071
56333
42630
64476
4205
5594
43297
53615
8747
64909
61512
57089
9309
52058
61838
56602
15567
8258
12690
55799
30539
26371
37202
16958
34858
38975
56075
61438
62276
1048
23985
41061
61814
15345
60094
60420
34958
52755
40406
56324
22795
17315
42893
70
6478
52658
52560
65531
44709
13798
60705
48369
44409
58666
51890
11001
32600
61234
53476
55509
11040
6137
63496
57744
26817
49128
28079
23788
63605
9307
51073
53895
64827
59339
37609
59518
37152
16994
16897
50464
61791
15008
60346
59126
12958
3118
27473
34576
58531
9068
8570
27448
65486
60097
23160
10321
46792
8745
57857
45114
53772
41343
16982
17646
43648
21307
62532
47357
39328
30445
44479
15260
3731
54757
3828
62144
27981
32259
36931
62065
29011
25475
63370
11462
24258
6163
45165
17984
50808
43164
35572
49119
51665
14338
1517
27456
7727
32810
27276
20982
45495
38786
18662
7806
19358
54423
19199
1216
27844
21521
11202
42047
61792
2398
13917
21474
61414
51958
49732
60444
53776
55588
47685
19469
48413
24234
43113
54027
53190
55385
2146
56708
31685
19667
40166
59313
46638
38195
64460
17011
51006
45473
25996
49997
51736
65094
49291
23489
19796
58783
52309
3502
10402
5890
47736
27784
10130
23221
56231
54246
16190
16710
25218
59344
3889
35365
20152
59179
43781
50495
41025
9458
51019
58053
3891
27675
6699
16518
14535
50349
25777
20262
51137
31779
24281
46715
49513
34458
56021
38994
22211
5768
19454
12877
13509
17586
47754
64646
53704
7522
4508
14275
55274
23207
65474
41374
38640
10762
11571
17276
59107
64237
27642
43887
17646
34277
32641
29949
37092
7115
36741
28573
31391
50522
6668
53007
24658
58539
43972
42543
16664
54085
54998
30523
22775
36357
32621
45688
43808
58366
45878
30927
24111
65311
42660
44349
13683
24982
45537
10088
8136
46565
32964
19003
57564
58051
1555
11633
58717
24276
16406
48239
33938
51602
37206
36971
64693
28536
24496
15436
9154
1236
10317
1565
16153
22925
62420
47020
47226
26074
50145
49669
20982
14624
53110
5136
1884
62455
9387
35186
39328
32181
40981
39023
826
57241
65357
26707
4187
9008
49051
16313
20065
22196
4571
50277
48491
50821
26588
21936
40140
56482
36834
10752
48431
28395
19983
27193
6792
5613
58392
6447
23760
34660
3789
8497
30847
44652
28707
45196
6687
25254
12666
31470
44968
45472
23314
20641
9665
53935
46208
63778
22393
48385
16286
62885
62552
32441
34568
40577
11989
53823
41250
45543
58290
8045
4454
7323
62958
61737
58068
58559
7998
50294
41884
65459
62215
25716
19692
1552
30770
36080
63148
19389
58592
2608
57103
43797
38234
27551
11312
32136
42260
58671
23775
45854
10281
37482
41573
62490
24964
36908
56574
3412
44114
27585
9215
44672
14887
18613
62130
52300
56776
2466
537
32122
1309
53839
3761
46795
52513
37669
47340
62995
3106
46681
10289
11716
16885
32992
63511
14827
60510
53007
17585
8095
41689
45131
11158
21860
15684
40524
25369
30128
39490
22536
34514
32415
49579
10696
18349
30684
38536
52024
9972
40324
55340
12420
49560
24194
14304
22709
33205
3078
3719
42632
60000
3234
48454
63457
37842
43930
14243
40758
26619
8375
62806
19367
45968
9976
1651
7019
43306
56786
46262
20249
7974
2812
32089
39681
32485
23871
5144
19587
19597
19333
59025
53143
52420
616
55749
55977
29966
41269
53498
48152
8209
26965
50660
19674
10728
54356
45579
6166
45571
7701
32394
24513
29042
17408
27792
28341
64481
30086
62267
56282
57181
53801
37502
56518
6367
47144
36827
9686
31642
47401
42305
60686
39007
15108
20221
32548
20928
41395
34723
14311
46382
62506
29561
34014
57777
30275
20060
26343
15931
61047
16410
20593
1309
41849
24930
44160
2937
51068
3507
52106
40696
35872
42567
54106
43880
15256
52197
22220
44163
32846
40141
12351
57357
18323
46761
38054
61319
29915
15373
47364
7974
62717
33278
60801
7868
21303
23416
56024
38741
50089
46025
27357
43438
7996
36520
26715
21900
59304
30704
5276
54820
49661
58710
14760
36997
11097
2261
20171
20377
42842
52012
27729
13348
14345
16126
14776
50442
62399
31464
58326
13470
40122
51010
40343
9382
40797
61606
1782
55216
30966
57281
16428
12844
23026
1190
52034
64381
19923
22569
26427
26613
23729
51306
30158
62858
37548
26044
57382
17939
13427
13412
21292
43055
39680
37802
59691
4286
24277
8063
32422
39805
32227
10051
27324
20055
10164
35326
934
10185
36554
32627
61820
1614
13292
57783
27573
53427
40535
46908
17652
51869
41540
39797
58742
61794
50103
6512
37223
45199
41840
61750
48102
61813
58128
16056
26166
26717
55396
6970
22375
7986
34899
29144
31238
12952
8065
5937
34605
59015
9659
44844
25057
10830
58183
42173
50107
34344
24301
47992
15141
31831
30089
43399
47485
43552
57930
27280
31626
10003
34933
35626
10061
23785
60583
58033
63652
12312
13247
38972
30840
38945
54624
22732
30643
3124
7234
25790
11907
16141
17795
42927
6016
14942
14001
57194
40644
38042
15439
33096
36212
27700
9882
34619
45571
1241
47266
48362
43590
9845
16083
48652
7618
23881
2128
8369
57612
25310
43984
63155
58365
49361
3504
44962
21671
7033
15322
966
29414
63472
27173
13959
3947
41430
5782
10135
36469
21687
29819
32479
7453
33903
54321
55248
55469
32956
1257
18662
16703
61637
34389
56515
56413
57788
44332
13882
43058
55044
53565
25299
16575
56105
55392
21232
30977
46108
29151
54946
57496
20793
11318
7696
32981
42059
4274
5684
24223
63437
17481
41087
44687
65248
38253
29215
54819
25558
50945
55351
21656
1689
44943
27410
5475
62512
61385
37865
34598
14613
24080
6890
48436
26957
55397
31329
36968
45286
57557
7819
8784
62409
61553
2398
27065
32531
16687
20016
32622
54395
23948
63391
2564
41769
10720
58849
42949
27425
3171
27233
47862
4544
15799
7281
48131
2718
65047
39981
52881
10615
57023
55229
51231
23418
63295
58577
27810
10662
29553
47970
43992
42881
54951
57959
35904
21832
33840
45663
33377
13446
50544
13237
10629
59481
20524
64143
30344
27510
26316
39106
39606
32046
21200
44103
78
2373
49396
53493
36498
25977
44953
12913
5
51875
28709
9978
31791
51055
38521
7902
60768
45311
51112
40509
25170
38455
2725
19539
49169
33209
64209
51226
39166
6070
35120
24039
65049
31953
3912
45960
9651
20849
34405
21486
44407
47237
53135
61261
37913
4830
20032
49041
18624
2365
28316
61218
9032
47138
44373
64025
13643
12413
27478
17721
38565
52529
9662
40691
49823
59239
40036
30796
44960
5858
31476
30585
5048
46512
59887
54367
54063
49231
55792
34263
58143
4784
27401
28601
58204
3463
43821
27536
5528
52353
44737
55667
20400
25197
64141
9612
64888
61311
9302
27484
21993
28362
63598
57060
28911
17416
29031
8763
42512
24960
52780
36218
21779
24642
9816
24713
50244
12590
4189
18492
40767
65013
2294
60355
6048
63641
22676
34119
38209
23
3509
5618
5271
26675
52962
39223
45302
52745
18196
10494
43266
31241
17058
44142
13849
3572
12115
36431
41208
2163
61634
45964
40962
17733
3966
9990
10443
26215
62150
7119
47915
7314
58478
44219
40562
27188
8599
61016
2639
63836
52111
12766
8660
22780
59658
30025
23137
789
55602
28464
36488
47201
53426
30789
32280
29623
12386
31269
32135
1045
46741
35496
25455
22819
14077
58497
21377
13164
31006
55381
7577
31920
53662
63899
29105
28894
2822
23717
5605
63349
7606
65473
10025
51402
212
43718
52889
54796
57070
57494
14714
9444
18589
1958
18359
38157
10016
60958
55394
7840
36467
37941
31680
32756
33827
38317
3945
8251
1353
12975
886
39639
40236
46389
21713
2485
54846
46213
3018
28620
38785
18870
46323
32755
14742
46113
15405
18488
12856
37683
3565
48613
2019
16288
25443
32533
17602
25448
34166
38490
21542
56525
59229
20427
55354
47004
59787
13907
169
31346
57283
18204
45248
38728
44308
31754
8051
61980
38711
23359
1818
64385
1259
19972
43634
33207
28230
41255
63424
263
50965
20911
18181
57244
43191
36762
28099
48832
50662
18662
29029
35198
29213
4054
18131
38336
31209
13630
58396
17386
37033
26414
52282
46775
41127
32190
36341
48064
4274
64727
55799
23580
1971
61478
40833
12099
46890
17198
3527
30828
37263
56891
61241
29607
32939
7469
53994
31683
19655
31252
31130
24502
47455
23020
10026
20913
62509
40422
16118
18925
64043
55158
41102
56231
34881
53693
32430
55023
57267
48410
20103
49808
62690
45673
31249
64002
58049
11549
39601
10067
42570
18646
2232
43886
64880
14327
33549
40434
33432
44722
3479
18078
25997
29653
45085
26915
1464
62088
59444
4538
20255
4277
33947
36609
54250
48391
58320
26680
42441
4386
27435
65067
28197
42766
41053
27510
58678
20500
45495
40815
12415
14326
53362
16348
26274
64123
22861
39666
60666
45506
47328
32231
64058
27145
15246
46081
59785
3556
481
28730
49448
4127
12651
56059
3515
2458
64732
23581
42048
40348
34442
22300
42078
29759
8919
43653
51245
36912
21454
26280
1261
43090
47167
33203
21756
33691
19379
65013
14203
2005
64569
13270
38679
9438
4684
23526
3370
28133
12214
45820
41454
61001
43984
40810
34352
10908
38248
54241
5768
3265
18543
6461
45416
13491
63711
53311
59804
32078
41884
22889
16385
44168
7761
50089
9170
7321
35473
13680
48779
46268
55161
47604
32305
52989
48962
56435
4986
57043
30572
44673
46093
27318
41459
65200
3850
30049
21451
45867
63843
16411
51318
20613
43309
44167
43616
24774
41763
6799
22165
53362
11471
28807
3293
25085
60714
63492
64516
42783
3217
64249
11743
4095
53866
20899
13235
40287
25859
27015
16453
49582
56511
43473
60348
55747
27520
20149
48108
46118
36562
4932
47584
62613
56683
12337
10134
1204
50088
18330
55454
23067
18177
40096
37454
48541
39316
21989
47039
31596
37337
17235
9642
28796
5740
31936
58288
33904
50463
29979
36584
2731
17821
25721
56405
12981
11550
54766
39741
5818
62847
17134
35077
7817
24807
29984
11386
12787
42011
56741
56280
43962
18627
18991
45399
49463
20253
37004
42159
33139
42325
64806
22838
20342
40303
28389
1203
39772
22920
31189
20615
12089
48684
49386
17224
42860
35913
367
45218
35761
9268
54304
58228
5214
15264
49431
6723
6909
54955
9092
59561
8226
17272
59246
3724
48427
9915
45227
62329
51573
14069
41854
17050
39051
3261
53132
47230
7715
19056
21890
42945
26830
63210
61453
9389
61346
9563
17704
29266
25272
53211
59828
51590
11225
33399
19654
29585
5023
64630
12731
11878
4016
54520
59490
29972
1111
41819
23781
11838
62883
21384
54428
59104
1358
34081
34876
53912
5847
39138
23859
18535
7897
49810
54929
63614
58400
35928
16091
20199
49483
49635
58341
63984
50898
55409
39873
55586
22554
6704
7752
2795
45187
55307
16354
3691
33297
33217
39431
26481
35608
50194
18052
21843
23416
4943
10928
26817
38827
61159
25149
49179
10307
57546
48720
4910
13110
60435
28253
23014
1601
60909
18185
45342
36330
7577
64795
23011
5956
8979
23141
43907
57960
7814
36626
62696
21627
59229
50874
41625
62601
55260
64183
55382
18463
52235
28062
24228
60164
39507
49552
15720
56375
24875
20223
38541
62694
41030
59160
56311
5396
59799
59180
55437
46113
7403
2293
5157
39956
64073
28580
42636
24684
947
35989
59753
41151
51229
31433
11965
23876
6383
50465
13124
33234
42127
8144
19402
57348
39048
61935
29391
58768
7105
37257
10348
22881
32713
33387
34950
29193
48646
19487
19917
7281
41537
2822
794
5434
46521
21751
58535
3901
22055
6414
5899
63944
50086
43539
14918
25874
46399
48269
49422
10994
29332
53137
29372
58168
2932
29458
41644
8989
27458
18193
5849
58222
16844
50513
62382
5836
61021
40222
20547
16309
26100
13125
19457
44403
1451
29291
48405
22690
19038
30210
62752
54506
56071
41033
16747
61196
27813
3747
64895
20567
61461
57769
46888
26537
58444
17067
59315
62946
25259
33591
3892
548
11797
61868
35188
36588
37440
53139
12217
22834
4984
2645
52551
40373
16225
24383
25294
38361
40847
51561
56263
65387
42222
10632
46168
33248
16921
7558
20783
45044
42706
30254
18942
27577
13158
6633
60736
19639
6810
51423
8557
2865
18676
6621
4381
48031
39554
64191
60111
52239
42168
21425
17720
61430
38487
10985
14941
29257
538
29495
11856
40084
50914
42201
11556
60511
31611
5002
582
38312
48590
4228
1789
6055
45306
653
24617
21961
49395
20060
24004
45782
21602
10869
56592
17412
7344
58918
47721
46001
34154
21266
33121
32766
28744
51822
45137
34419
19267
55014
11795
59111
36800
10662
20078
47924
59002
8525
30194
7618
2024
3456
46071
25103
9660
34371
24709
8485
52121
5185
65064
18139
23304
58301
24169
22086
4684
10407
30460
58608
14472
126
51225
56895
21867
55613
3304
16450
14731
40061
40948
385
48740
36009
62737
6500
64424
48762
42168
7993
61479
33596
32899
36692
21948
23251
17052
60774
14932
5047
57536
55890
39341
53811
28628
51804
54108
56240
12606
65478
10705
64965
22706
32693
50594
16774
27038
