62872901
3481784
8248340
21961078
52227141
729955
24495965
26632023
29134054
15455795
16285340
8504123
76471900
11860889
107881312
4333092
17197074
62077196
66142579
24786624
22574523
649090
1960020
26942566
43053553
7660446
2937119
30917291
8312276
15535866
17685100
25895930
95952106
23133154
61444833
301877
29510200
13624175
66851161
126711451
125363807
15665849
30027981
18991845
61960260
12675453
813498
32967768
11779304
45812070
5500299
10729873
35083794
32859665
34339819
15459320
18284524
26540088
31401878
18833299
5016982
6505088
25830246
8344545
12851970
5278660
18723948
19312180
6021711
17266428
160765744
2028162
28792240
46850076
114057300
27141211
48651293
40848303
57193835
59135092
10247947
9853119
24433219
21882035
37005168
10877482
17645292
106566774
5513743
44472525
12127722
626979
44903400
91510627
9118089
25217148
115027831
1450925
41110241
5705140
1067957
26115820
40620064
32772588
7556455
22241475
70240246
4868500
3671534
3170459
47551301
129822921
21929417
28196199
18534092
114148450
87272469
563429
45047936
45096923
44190164
20235474
13513912
3557668
18563286
47336949
89835238
19868735
37624349
27750063
12300183
16778535
11118081
65524606
51865076
31721604
23953190
11317744
13915691
12372374
8342048
60292521
59883892
46830177
14582993
12321043
1822100
515856
48377771
18532309
184312
1019959
74733159
25605733
20201368
15501181
91282413
11549940
121529670
33301882
131368
40002747
52482690
921058
38432077
54072931
46914309
43091721
23835542
33083425
1381629
5360896
130278004
32437197
28316320
29185587
12486655
29428137
96574911
6941777
33045274
12635986
93936536
24472476
33833581
9216258
4208157
16874731
11514725
12983966
11058907
2449439
28134137
37671157
13940442
91388242
24650539
25030900
45452019
34330026
3787700
25628623
26722367
33926656
23183142
88564988
5802118
13178148
49519675
41778964
57549698
35905629
4789370
8680582
42862490
16359413
61491239
76889450
10302018
48164700
14829835
16086893
20800850
28159886
39276573
21815193
271767474
14528021
1984412
13573639
91420566
18636997
11209744
14333836
7858867
12684876
10976198
27352461
54108616
43743775
37435883
11499178
50393896
17677273
61638141
47482014
20865984
132786203
45954304
68959735
79920190
28447411
69121500
2182323
55282473
57774
22976680
65980323
29451435
10751356
8983873
18826689
13684207
34083920
17628977
33085978
2730690
18355252
69061622
4329255
3600599
5288812
13947797
11890880
57366771
27260419
33975603
14610860
51120074
6574805
15771454
18272945
102907070
187773753
8544799
10470
25694699
33460879
69988142
82252377
24045371
33830363
93332344
87922917
44775847
4451380
7512215
82709625
1355899
90021353
64480844
9928400
3763521
1583429
1267731
19379837
1853161
14983634
17159206
19710348
20192214
36280245
42949455
23153134
60727468
58458554
24224907
30444266
15248950
18804541
7698007
88844777
119875966
8147100
3533796
3148799
11542239
9720422
8312210
19659382
5863462
16132237
22140822
21428114
11248290
18454801
18992970
88802627
78525247
3091672
30860547
100784833
115696226
654109
19778554
78790507
6618160
15763715
40151846
62250646
18440175
6888518
758944
93373128
11375071
16626876
4918984
74647803
114540368
4262086
78947738
15061300
16856642
28592896
65538706
138144362
71062688
138097041
15546379
83189439
28287168
1473299
73835608
72262946
35531290
52618460
7043966
8811674
72501453
86762397
52561936
3263655
50626737
123972249
121369637
11773397
31525349
29412555
147172314
1225954
17417687
26116661
41776324
6881259
13723274
50773086
19224667
30645307
14634133
38729849
10736485
23514960
33428277
5106804
11049795
58866567
87605919
17432432
24191312
20498986
36059485
31805384
48706899
15088337
18015301
20098696
17396509
54456426
67471827
11811896
2865477
9735072
112798802
426954
53326796
54579838
73064048
52942233
10308703
8953526
87963880
29865889
3024506
38785401
17748453
10261517
15777320
17481579
16673198
6905486
1337102
14408029
8952541
17624912
114356882
12794938
6828714
2688639
9524392
21576
53809966
15461250
4907473
2263113
2982329
22408432
2321419
41189271
65332332
13004113
93766568
41675620
14316054
23446890
2777181
20723489
20516739
2429780
18769611
56262303
26822806
89885927
9961880
48295220
31847383
4216269
12228798
2482073
76724064
12626474
26275616
11943710
69011669
124514511
3337475
68036573
23008280
17228787
17127332
9271649
28536661
17951684
103154588
173776464
14384273
81976671
1919631
63140812
30799810
36442110
46730571
161606
16028154
110188898
2199375
24966488
50561973
86243654
18787851
32397068
34006525
23093080
4949466
33463061
8628122
10656634
46478045
28588104
61194006
85291650
11888435
28306796
275953
77880249
34799119
118392216
63889954
10794584
100226503
7567112
131048473
16502145
42364786
36953331
11660426
10072148
8416204
45907160
6418715
109734001
2164563
5612831
17598280
1163466
15151584
31401618
22522803
11850578
13274431
90660468
3595694
15311776
47681659
75020059
5667930
781336
5945610
8334684
9761952
33913701
2471599
12585443
17789660
1520035
53947663
22188414
45425121
31314912
38519559
36583034
5420228
1169824
51646350
3711202
21610604
40940609
46604446
16148723
108571169
45765792
8516547
24754254
45741892
54715269
62390630
41070
21734310
1229361
9832389
83456581
12124257
142681183
80133511
13816934
36835564
37719292
119359464
1229676
21872769
2595130
25807349
9658513
205757274
9069153
36783631
16723279
32794625
10675573
15018272
12441942
20811951
2421908
34146342
13991960
14455934
35655693
87741338
5320599
23465702
9906372
10367305
12730423
11629989
25714743
30382485
42406240
2417711
3310699
49153846
32687486
8061306
48836836
46544059
34305974
50782537
53894137
10592536
58861851
2382129
2458612
60579311
26979269
9856419
19521419
5393574
83036418
13730740
13114352
48492924
17464508
14926978
3579478
11525135
28614639
5628858
25378336
27011593
70095352
50892139
8653494
26198113
8924731
28656215
48275962
3381901
13577199
157489944
23499874
6456969
12610146
73555565
2309190
10592479
2570095
11279129
12496288
28648827
930654
18207319
22159157
1206925
43999823
14459490
14451979
49301510
133765
481058
114571466
66221016
16654954
23162799
20395431
46033093
9290886
11651633
48357184
9726466
20809888
11312515
35867090
8767666
37467460
24174232
20615010
2520516
30579696
11637950
16702778
13478572
9356241
511065
10527505
476540
20902045
3238160
62514158
78707092
45109832
15409808
258242
7712
5381543
5156877
70672314
61648354
104614859
680285
3528688
15224600
55344923
11387929
47272021
9315510
11227806
89720519
26507419
140423092
24631790
19675320
183874050
24549422
7564049
6244093
111202
52839043
57555793
29680057
14793437
22974019
13039602
47864304
18140259
73508164
12041962
76042897
14070739
46387799
9306508
37255213
16145005
9216141
25929941
38290365
6524854
6215491
25445064
73527429
49183864
5048921
41380974
12302613
62663458
126983832
49342933
19584823
38868692
13824225
34876496
45102959
59617176
37815511
10966610
29402327
99727476
61348631
5197946
8275908
120779173
95123060
1015422
502791
4497223
4371133
10951532
60126300
22649855
45458000
2829596
59164566
17173379
33528488
9370989
35281227
2626905
25388056
46133638
89008283
19328069
49019458
30302785
16560360
40143517
54461508
4219762
26530474
65518831
58314795
11985733
13092902
2618414
761119
39761094
65826686
79592989
2430531
55604463
301765
12978261
4482741
23199277
3096570
11015000
60437795
118220109
40063890
116453518
17532063
28458450
47572483
40741364
38484382
30752655
15064197
94453297
24568701
43581960
27384493
110785786
10969524
8810845
71022020
69550466
18637325
11083571
18237499
2219443
8520430
34580831
71573539
52542087
47859231
6846265
37660980
44618659
9943363
4519894
17379276
7267780
859766
12170935
8977555
13699594
68977463
186617817
29115826
22466513
6551121
52177868
4757140
76455091
9947121
17227727
15428833
30040385
43668166
73634079
30015427
18993910
15110769
97904265
10502230
10594994
39898176
36516757
4566116
15103817
15067462
35944004
51394977
31982177
25549544
15696794
35605837
74983094
82913359
66279935
39049441
49135674
13628175
8515977
99759506
138455450
17928180
9853995
1393357
81480174
41428869
43598367
18213572
24433439
138267
35495878
19659395
21572263
1378644
81716163
159326816
5654764
134957936
11096979
28355247
215590
4431412
23814643
5149146
1404751
105595766
37088289
12623493
58280453
14730087
430021
59265125
9097319
78705714
6937228
27058353
11805517
38504688
31245497
18757728
45047901
73679235
24624331
166717
9907998
3597916
20350661
24697545
110887598
78912310
46615048
42826408
101379
22791668
1600937
6070380
45106024
9361047
23466863
1618388
51897387
77921522
15658521
18895297
2634501
7019219
4403480
89521305
17395007
21435747
29854417
36749693
97380626
31832758
17578053
27395561
7798722
3971835
43707719
16479095
38235766
6374169
14940768
2675043
23119787
9572293
5308551
54802612
11745221
