15858
3732
5744
9373
14454
1709
9899
10321
10795
7863
8071
5832
17490
6888
20773
4163
8294
15758
16266
9957
9503
1611
2800
10381
13123
5535
3428
11121
5766
7883
8411
10178
19591
9619
15677
1099
10865
7382
16353
22513
22393
7916
10960
8716
15743
7121
1804
11484
6864
13537
4691
6551
11846
11465
11720
7864
8552
10303
11207
8679
4480
5101
10165
5777
7170
4595
8654
8789
4908
8311
25359
2848
10732
13689
21360
10419
13950
12783
15125
15380
6402
6278
9886
9356
12166
6596
8401
20646
4696
13338
6965
1584
13402
19132
6039
10043
21450
2409
12823
4777
2067
10221
12747
11449
5498
9432
16762
4413
3832
3561
13791
22788
9366
10620
8610
21368
18684
1501
13424
13431
13295
8997
7352
3772
8617
13760
18956
8915
12268
10536
7014
8192
6669
16189
14403
11264
9788
6728
7461
7035
5777
15530
15477
13687
7638
7020
2700
1436
13911
8610
859
2020
17290
10120
8989
7874
19108
6797
22048
11542
725
12650
14489
1919
12399
14707
13699
13129
9764
11504
2351
4631
22828
11391
10643
10805
7067
10850
19654
5269
11497
7109
19384
9894
11633
6072
4103
8216
6787
7207
6651
3130
10608
12275
7467
19119
9930
10006
13484
11718
3892
10125
10339
11649
9630
18822
4818
7260
14074
12927
15172
11984
4377
5893
13094
8089
15683
17537
6419
13880
7702
8022
9122
10613
12534
9341
32971
7623
2817
7368
19123
8634
6696
7572
5607
7123
6626
10460
14712
13228
12237
6782
14198
8409
15702
13781
9136
23047
13558
16608
17880
10667
16628
2955
14870
481
9587
16246
10854
6558
5995
8678
7398
11676
8397
11504
3305
8569
16621
4161
3795
4599
7469
6897
15148
10442
11658
7645
14300
5128
7943
8549
20289
27406
5846
205
10138
11569
16732
18139
9807
11633
19322
18753
13383
4220
5482
18189
2329
18976
16060
6302
3880
2517
2252
8804
2723
7742
8285
8879
8987
12047
13107
9624
15586
15292
9844
11035
7810
8673
5549
18852
21898
5709
3760
3549
6795
6236
5766
8868
4843
8033
9411
9258
6708
8592
8716
18847
17723
3517
11110
20078
21512
1618
8895
17753
5145
7941
12673
15780
8588
5249
1742
19326
6745
8155
4436
17280
21405
4129
17770
7762
8211
10694
16191
23507
16860
23503
7886
18242
10637
2428
17185
17001
11922
14508
5308
5937
17029
18629
14500
3613
14231
22269
22034
6862
11229
10847
24263
2214
8347
10221
12927
5246
7409
14251
8769
11072
7651
12447
6553
9698
11563
4520
6648
15345
18720
8350
9837
9055
12010
11279
13958
7769
8489
8966
8342
14759
16428
6874
3386
6240
21241
1307
14605
14776
17096
14552
6421
5984
18758
10930
3478
12456
8426
6407
7944
8362
8167
5256
2313
7592
5984
8396
21388
7154
5226
3279
6172
294
14671
7864
4431
3009
3454
9467
3047
12836
16166
7212
19367
12911
7567
9684
3333
9105
9059
3118
8665
15002
10358
18962
6312
13899
11287
4107
6994
3151
17519
7107
10252
6912
16615
22317
3654
16497
9593
8302
8277
6090
10684
8474
20313
26365
7585
18108
2771
15892
11100
12073
13672
804
8007
20994
2966
9993
14221
18574
8669
11384
11663
9611
4449
11569
5875
6529
13635
10694
15645
18471
6896
10641
1051
17650
11798
21762
15986
6571
20023
5502
22895
8125
13018
12158
6829
6347
5802
13551
5067
20951
2942
4738
8390
2157
7785
11207
9492
6885
7287
19043
3792
7826
13810
17323
4762
1768
4877
5774
6249
11647
3144
7095
8436
2466
14690
9421
13480
11192
12413
12097
4656
2163
14373
3853
9297
12797
13653
8037
20839
13530
5837
9951
13527
14794
15798
405
9324
2218
6271
18271
6964
23890
17903
7434
12138
12283
21850
2218
9354
3222
10160
6216
28688
6023
12130
8179
11453
6535
7751
7055
9124
3112
11687
7481
7604
11943
18734
4613
9688
6295
6440
7136
6821
10142
11024
13024
3110
3639
14022
11435
5678
13977
13645
11714
14252
14683
6509
15344
3087
3136
15567
10388
6279
8837
4645
18225
7411
7243
13927
8358
7727
3784
6790
10699
4745
10075
10395
16745
14268
5883
10237
5975
10706
13896
3678
7369
25099
9695
5082
7102
17153
3039
6509
3206
6717
7070
10705
1929
8534
9415
2197
13266
7605
7603
14043
731
1387
21408
16275
8162
9626
9032
13570
6096
6827
13908
6237
9124
6727
11978
5922
12242
9833
9081
3175
11060
6823
8174
7343
6118
1430
6489
1381
9144
3599
15813
17743
13433
7851
1016
176
4640
4542
16813
15703
20456
1650
3757
7804
14879
6749
13751
6104
6702
18944
10297
23700
9926
8871
27120
9909
5501
4998
667
14538
15173
10896
7692
9586
7222
13837
8518
17147
6940
17440
7502
13622
6101
12207
8036
6072
10184
12376
5109
4986
10089
17150
14026
4494
12866
7015
15832
22537
14049
8851
12469
7436
11811
13432
15442
12299
6623
10845
19973
15665
4560
5754
21980
19506
2015
1418
4241
4181
6619
15508
9518
13485
3364
15384
8288
11581
6122
11880
3242
10077
13584
18869
8793
14003
11010
8139
12672
14760
4108
10302
16189
15273
6924
7237
3236
1745
12611
16227
17843
3118
14914
1099
7205
4235
9633
3519
6638
15548
21746
12659
21583
8374
10669
13795
12766
12407
11091
7763
19437
9913
13203
10466
21051
6624
5937
16855
16679
8634
6658
8541
2980
5838
11761
16920
14497
13836
5233
12274
13359
6307
4252
8338
5392
1854
6977
5993
7403
16611
27322
10792
9480
5119
14447
4362
17488
6308
8301
7856
10962
13216
17162
10957
8716
7775
19789
6481
6510
12633
12086
4274
7773
7763
11991
14338
11311
10109
7924
11934
17319
18211
16283
12498
14019
7383
5836
19976
23533
8468
6278
2361
18053
12873
13206
8535
9886
744
11916
8868
9289
2348
18079
25245
4756
23234
6662
10650
929
4210
9760
4538
2370
20552
12180
7106
15268
7676
1312
15397
6032
17743
5268
10404
6872
12410
11180
8662
13424
17167
9925
817
6295
3794
9022
9939
21061
17766
13655
13088
637
9548
2531
4928
13432
6119
9689
2544
14408
17655
7914
8694
3246
5299
4197
18923
8341
9260
10928
12124
19736
11284
8385
10468
5585
3986
13222
8119
12367
5049
7731
3271
9617
6188
4608
14806
6854
