32439
3018
29750
32244
4223
26656
-3537
31607
32387
29561
18971
-6424
22004
-10936
2730
30107
-13385
8725
10091
32752
31844
-6577
18536
-32466
27360
-32345
29010
-32267
-628
-19631
26218
20451
12702
-32765
-9710
-29490
11429
28818
-16911
-20493
-30915
19208
-27077
32296
-15938
-5078
7032
30961
-4401
11417
20955
-32594
-26843
-16773
-19734
30565
8960
29606
27713
-22119
-5472
-1081
-19368
31551
29788
31876
-10597
-18724
31739
4805
-32047
-32696
-32727
20700
16725
-4251
-32766
7938
1818
11054
-3471
21049
14115
-31417
8455
16424
28710
-28808
-2893
-1821
-2858
-6694
4793
-22163
-10701
-26958
29677
-11764
-3199
22115
-18113
30219
24067
-31947
-5515
-32561
-25572
-27768
30737
-9719
32356
-20595
-6103
-3843
-12586
27362
-18737
32069
-15833
29230
29909
32599
31978
8254
31775
-32050
30520
4416
28939
-25695
12913
31233
-9280
-32224
16045
19603
30804
-16064
-30369
-15339
26301
32489
32652
-21943
26820
17772
-12780
-2229
-28432
-32756
-17948
20517
21037
32733
-32014
-13262
13626
11432
32725
-9638
-25326
22794
10808
27966
-7843
-30284
-3718
-20819
14468
30993
-17579
-2595
-30191
-26465
-31627
19029
-31555
-842
-31204
79
-25358
-32658
29019
6820
-31733
-3262
-19969
-79
-2047
28752
-32233
24620
-16999
-25595
-28781
10371
32230
-26368
28651
25150
-12380
3424
4749
-2370
31700
-27154
24424
-32451
-29969
22082
27978
-27640
-11649
13511
-32675
4799
-20103
10276
-7571
-17366
-28311
-32599
-32554
32745
-27894
23425
-20360
-16470
-26967
6029
5884
-32739
32767
26685
32220
-31855
8628
29670
13531
-9584
-10144
-32531
-7581
11479
-13848
-13462
2063
-31375
-7379
13109
-15861
16587
-25264
-28975
-12173
9959
-7690
-32658
31299
31608
20598
-29561
11101
32641
-28458
-10924
29704
-28893
28391
6867
11376
13671
-15637
27826
-14589
17579
-27384
1131
434
30076
23279
32690
25708
29230
-10939
9136
16771
19641
21887
32748
-31268
-29097
30030
-19272
-32767
26875
-13419
-29598
16146
-28924
32355
32639
30604
19904
14783
32348
16171
18587
-13545
-30724
-19300
-24945
-28010
-32451
-13505
-32572
25148
-10177
-30561
32654
-31976
-29638
27207
-31177
-26696
-738
2367
14101
-15302
-23250
-25809
-31853
-3146
-24080
20512
12435
1802
8294
26787
-12188
32758
-23952
25811
-32758
32739
-24508
-18124
-31502
26588
-770
-930
27452
-14186
32635
21697
-32674
-11989
26084
-7443
12153
-6202
9118
29962
-19598
-27026
-31844
-32458
-9656
-22126
-26335
-9680
-792
3406
32744
-30468
-32471
27595
-32263
32714
-17018
3196
-31063
11417
30429
32266
32438
23180
14296
20839
7840
-361
6827
-23389
-32767
-18382
29168
-21482
-30941
32742
-30141
7241
18022
13686
-333
16608
-31163
26312
-9896
-30638
21980
16884
32762
-24542
-32559
15377
26342
9455
-16282
11329
-29562
-25913
29068
18613
-32040
-5432
-32430
-32566
2489
21329
28483
7736
-14067
-32629
31206
-4454
-24678
-24843
-22531
-20446
-26775
32569
14098
-11388
-13388
-12103
19510
30898
-32593
-17634
-13939
6497
-32658
-26636
-26956
17544
-29056
-24370
-23726
20880
-28853
-30051
27214
8430
-4923
-8543
-18061
-32170
5584
-9259
26063
19507
13147
31409
-25520
30088
-18714
19668
-15707
22476
32741
-20170
9923
-23669
22976
-13913
-32712
-29194
-32717
13663
-15122
-28153
-5964
14050
-17624
24382
-8843
-1194
32757
16094
23836
-1134
31806
-28893
13468
-25170
4917
-9395
32324
32750
25979
-1178
13485
30102
32423
-14635
-6482
21437
-16288
-29805
11954
-2671
-993
30203
-10007
29360
30981
-28926
25006
26567
31145
29562
-27794
31533
32558
-302
31591
13368
-30778
19035
-8752
25039
-6442
28909
-29264
25469
-7669
26703
-23144
-31392
32055
-4158
15577
29938
-13311
-2451
23034
-16320
-21044
-12124
26076
26548
1536
-23680
32728
22110
28446
30879
28106
-7550
32698
17339
23933
-32762
4404
-8397
32641
24374
-17072
330
-10793
26983
31451
-24246
32714
31663
-16165
-18986
-11986
25063
-13305
-13448
-30924
-23595
29881
19175
-29750
32324
-21138
-32526
-12546
-22364
32196
-3068
30145
32764
32683
14401
11846
-2094
-30493
25585
-30220
27026
-2216
1799
31665
32492
32623
25883
14347
-26899
-30363
-15701
23407
-28419
2893
24050
30775
-29397
28665
-32298
6599
-27197
-10844
-7348
32766
-29214
-25308
-5522
2044
-29438
-5562
-30319
-32754
-10535
-9584
-32715
12873
3187
-26461
21064
11825
18077
-2805
1661
28817
-4740
-15161
-22586
-21389
2445
-32555
18077
870
27158
24454
-21102
6980
-30292
493
-32762
14463
18218
-30811
-10710
24301
-10856
-31551
32322
-14036
3612
25059
17190
-19961
-17787
12627
6654
-21112
-31169
-18147
-7880
32139
-24878
30435
-19829
-32210
15773
-3462
26144
-31906
13751
15814
14865
32759
-16500
28540
32766
-27723
-3168
26789
-23097
5877
-8497
-32090
15219
-19109
-16703
12656
-31804
13052
28947
30429
7672
2689
-342
-26046
-31905
18613
31432
32551
-27886
29284
28649
32741
29016
-25975
29463
-28449
-31383
20600
-30228
30795
-25735
8503
-9121
-25445
1460
29971
28371
13837
-26870
16179
20554
6347
-15046
30262
-32008
-32752
3596
-29402
29373
21774
-23991
-32227
-26453
7660
8734
7690
-20698
-9476
29610
-32747
30094
30736
-9319
-16039
32289
24853
20981
30826
18991
-32273
-1498
13828
-13680
-5398
-23773
-27260
20170
32040
-29636
-32752
-31888
-11131
-32765
6934
20078
-7121
-11178
-28909
21767
-905
11181
7183
18794
-27407
-31613
10324
1341
-17830
29885
3181
22999
-30314
4478
-8930
25833
-30863
-29302
-31845
-30456
-28560
28331
-14660
24159
-23591
-26030
-21896
21243
19759
31705
15286
-31321
-14129
-15524
31639
-1818
27364
24254
18247
-31456
-3246
-32766
-17711
21116
20421
2890
23778
18775
27218
-23135
30606
31892
21697
19447
-4939
-31220
-21200
21526
-26220
31499
19274
7222
12089
21332
12165
18610
18257
29581
-20384
4151
8612
606
-3374
-2520
-22936
-30518
5905
-22481
-32725
-18395
5447
-24006
22941
32323
-19799
5277
-28934
-16905
-1206
5692
-23378
-31565
-5914
-3624
-30475
-24730
-32749
17906
20676
-6777
-16359
-30397
23722
20439
-25230
-32345
-10168
-16660
-44
3062
-27112
23842
23235
10965
30338
1755
-23586
-30617
-21725
12867
-10660
-24294
29549
6408
-10773
-29633
-30487
27978
-27008
21176
14457
25642
3765
-32249
-30701
-31992
9869
32349
7544
32075
-23769
-25910
4485
1906
-8552
-28631
26050
-9680
-16157
30069
-32024
22501
-9881
-30743
20617
27995
25451
-30607
30929
10684
-32759
30579
9761
-30409
25869
-6590
-1071
8020
-32425
23782
4852
11532
-28075
19804
2577
18634
-31607
-8988
-179
-27168
30622
30098
-32463
22011
1087
-28844
-19966
27350
-32355
-31733
-9470
11910
10064
-2996
31892
29154
19236
32757
-27756
