-4631
32629
-13740
-5840
-32495
-19060
-32577
-8649
-4982
-14141
26720
32133
-24284
30890
-32654
12939
-29911
31586
31176
1015
7730
32101
27024
-4444
18035
5255
15238
-5710
32762
26239
-19658
25605
-30207
-468
-31297
14288
-30712
15599
-28069
25572
-10864
26550
-18457
-5543
28632
-32372
32005
-10734
-32472
-30716
-25194
3377
-18796
28151
-26161
11817
-31520
-14047
-17488
24178
32308
32750
-26433
-8852
13657
7599
31008
-26893
8148
32415
-6839
-2179
1642
25404
-28180
-32491
-346
31793
32717
30849
32584
25115
29573
-9313
31659
28356
15798
-15618
-32640
32717
32644
-32077
32416
-24137
30973
-18631
-13896
-30585
-32612
-24182
-27308
12673
22240
7293
32301
3684
20493
17400
-11361
31294
-5187
25489
32195
-32542
30256
-18032
26884
6737
28691
14814
-13388
3324
7155
-31712
-8011
-6827
11931
32470
15375
20338
30118
9914
-31427
-5948
-28573
-26259
11175
28562
-12310
-28958
19548
4270
-2764
24338
18830
27532
-30174
-32692
-16293
-895
-27417
-25552
25126
1526
-6992
-29966
29802
30711
1689
31319
20795
23543
-30935
17080
31816
12520
32557
-25306
-29402
-10642
-27656
-32665
-12740
-19325
-8573
-26678
-8836
-32757
10007
32768
20756
2680
15222
32051
8172
32606
25982
-32768
-32704
15720
-5899
-21626
-28015
-20463
15668
31084
-5918
19457
-15905
-21008
-30340
-32589
-32423
32683
8303
-18343
-21847
-4547
13256
24212
-17061
17602
-30628
-29854
2476
-32416
25879
-31116
-31882
-27789
16503
-3331
3737
-1241
17198
-22916
-25677
-28330
18618
-32209
32236
-1385
160
-19019
-5970
7684
-31613
-13911
-29845
31336
-31159
-3933
31880
-30693
29699
29876
32703
9455
-31927
30033
-28675
-28261
20870
-15305
30424
-31219
-31853
-2680
9704
-8646
25487
-14141
30831
2883
16247
-30895
13837
-15461
-16364
32041
-30731
-29781
-28797
17307
-29342
-27656
-17998
-32749
32765
13008
-23063
2257
-20320
14814
-30889
31470
28153
26231
-24389
1162
-9803
-15074
-13115
-26504
-214
18750
29895
-14064
28516
-15402
5193
-2902
11714
26032
-29245
5237
-28502
-26988
-29838
-11396
26483
21250
-17007
4550
-29857
3587
-21010
-31148
11825
-2730
-7167
-13979
18265
10088
19004
-32760
-32683
29580
28977
23093
20192
7690
32617
22226
-25556
-30318
32718
-31702
18876
-30419
-839
-22364
-20190
-817
1388
21753
-27301
-9024
-19155
-32759
-32755
-17896
-29539
2952
24558
-2486
30497
19837
-31912
30433
32176
31475
-13270
26263
18533
7730
-4500
-31314
-24171
-19502
-31306
-32759
-32591
1253
12062
-4410
-17674
-5735
-1884
-28004
32612
10434
30716
-12162
-5717
4640
23164
-29486
-25290
31817
32766
32050
-22952
160
-27128
-14934
24746
-10790
1316
-12858
-31959
-27369
-29775
-32766
28249
10132
19533
-31239
11623
-24305
-28085
-644
-21716
-3702
-28937
-19492
31375
28438
30748
14138
20058
-15130
-26970
6870
-32315
4699
-3640
32674
24878
-16203
31842
29596
3018
-9998
-32465
-21560
-21370
23795
25609
18894
3615
29581
30727
-29909
-30452
-26329
10915
3387
27620
29657
32118
2683
-19088
18634
-27678
15152
-21908
22604
25256
15535
-13066
18255
-31666
32396
-31635
-27343
-6232
-32290
-31433
-19864
26331
-30016
-9340
20556
-12982
-26900
-26210
28760
23846
1335
-25827
-31231
22663
-23365
-29669
1922
-14884
-1831
29785
-29072
16771
32221
29605
-27627
21894
31553
32747
861
-28545
22488
32749
7883
-15461
-29873
-20984
-32397
-31393
-5379
-1081
19974
32747
29866
12951
4746
-29320
-32121
-24786
28435
13620
-30511
32659
32753
-12711
31204
14553
10678
15400
-21179
-19185
-10189
-14138
17358
-8915
-3705
32767
-8706
-29918
11249
-26674
31579
21140
32129
-15430
14747
20620
-31859
-18994
23199
9398
-6802
-32503
-28830
13325
29944
-32677
23308
28416
25120
30444
19847
-19211
-32732
-22652
-1630
24186
16269
-10968
-16849
-31887
-2144
-27806
-22385
616
32472
-31675
-2890
21903
-27971
32766
-30940
18595
-9199
-22045
-1884
8443
-28505
26709
30498
21112
29947
-29882
-10841
-22740
13451
26574
-13740
-5379
25041
3977
30273
23952
-6100
32624
12850
-484
2357
29436
-30553
-32701
-11998
20476
-12670
-18533
-32693
-32719
8433
4245
-3084
-20098
29462
-18716
-12325
28763
22934
16315
32640
-22258
11255
-14480
-15880
-5531
-32097
-18281
-30923
-31934
396
-14845
20817
32300
32705
-14395
32293
12432
967
-31029
31336
1871
30135
32613
19330
-25103
-30561
-27332
32648
-32726
-15602
32424
-29051
23743
24827
32677
-3730
27332
-32757
-18338
21814
25071
32016
12499
32764
-600
-29405
27239
-11157
-30969
-21985
30918
-8852
-5388
-29611
32569
-21116
27899
-25988
-27522
-30239
-32086
25063
10114
-27286
31807
-6393
-21329
-12147
-26090
6026
28724
32585
19756
-7467
29744
28701
29204
-782
28313
-16102
-380
-17472
32615
18873
23246
-32237
-31648
6633
29021
-26621
28193
30226
-7895
30058
-15358
12162
31858
32658
-32766
19886
7473
26970
9262
3765
17211
-14708
15907
1325
15227
19979
14344
-16263
-9428
-25485
-12653
11202
20286
-31646
-31474
-20649
32735
-13250
-16399
29704
-18757
28497
25522
32148
29111
-12572
7017
-1037
-32571
14468
14528
24489
-22323
-5933
-19340
-31861
31584
-31853
-25405
-31369
-14039
-1181
-12968
-11364
31415
-28576
-5587
21358
-25172
11116
26705
5679
-32734
-29708
29777
-32321
22554
-18187
25827
-6873
13985
-1008
-7547
30821
440
32026
-25898
31986
30803
-15430
24496
32756
-30802
-31972
26845
17964
8628
-31100
32741
27494
13442
-32614
23343
12444
-32461
-31528
-20163
11013
-14671
7724
-12094
16066
16467
29307
-22140
-22744
-19906
-24380
24951
26142
-8282
28986
9632
29567
-28859
-8530
-32717
-18029
-22036
27220
-9184
-32607
349
27571
25059
25628
32641
-22549
-26857
-18249
23208
-11708
-7529
-24558
-26376
32394
-9956
24988
24707
19656
-9033
26502
31963
30458
-24876
30428
-26972
-27212
14098
-25658
32504
-31617
-32762
32594
-32671
-23405
11936
32232
-23842
-1680
-27119
-32312
-22307
-23400
-5382
-26112
32341
-15383
28072
32746
32270
-22963
-8800
-32230
32568
-12045
21500
-1118
27445
25423
-32060
28394
-12240
-22609
25615
20911
5252
-31151
-28218
32768
-32625
-18405
-22481
-23108
30880
-12386
-32721
-22749
-11679
24533
30137
30987
-21992
-14166
-32136
-30948
-13990
-12015
17061
-18559
-25008
29408
-20404
32551
-5812
-11458
7091
31248
5230
-31889
6707
-22559
20063
-32460
32713
31633
-15940
-19881
-31306
28510
-13026
-6943
-23823
31244
-11343
-25471
-17032
20642
-11705
-10826
30979
-795
11778
-31281
-12211
20115
-32099
-32750
31772
4733
22545
32407
30673
-16900
-26109
32667
26956
-8649
-31512
-32767
-18322
-11667
-12959
-4463
24278
-32750
-15552
-25984
-18050
5193
-8172
31371
-30528
-31185
-32631
7529
14962
-26530
858
-17419
