83372788
1333964555
4163563704
2192509836
720419012
2936769600
4038640649
193740953
3099855250
2353043757
3288961758
1083780586
160620193
2569923095
2464063870
770316268
3735125709
3927436498
2709441825
401396242
2127372580
3973190210
3441501231
3524412156
556019661
306379986
607112493
1123865306
801975716
4241676872
3442320519
3537520764
765757388
3662183629
2760363225
1216138651
2278349236
2093849420
3436819655
3449506943
3652503549
2605481951
3033005563
1283448755
3355310910
2145367020
4261101248
3753110533
4215193680
3018589451
1052790974
3959753698
3226517038
84665056
1354640904
199417993
3190687890
3806365987
772313652
3767083851
143799473
2300791573
2452926806
592123245
884037335
1259695475
2975258419
359494458
1456944032
1836268038
3610484844
1933182661
866151519
973522430
2691457001
113639056
1818224910
3321794798
1609109225
4270911120
3910068482
2431553574
250151529
4002424474
3909249450
2418449062
40479336
647669381
1772775518
2594604519
2858966648
2793793409
1751021598
2246541796
1584930377
3884049555
2015250748
2179240908
508116163
3834891315
1228718907
2479633334
1019427694
3425941223
3275452030
867624935
997097086
3068651499
1853783734
3890735979
2122233532
3890965443
2125904956
3949708226
3065789475
1807991350
3158057826
3284284966
1008951910
3258328678
593651301
908486231
1650877815
644241269
1717925727
1717007871
1702322175
1467351032
2002780037
1979709525
1610581329
4294464784
4286927104
4166324224
2236678156
1427112136
1358957696
268486666
819368
13109888
209758209
3356131359
2158494196
176168769
2818700304
2149531908
32772160
524354563
4094705713
1090781970
272642338
67310120
1076961930
51521696
824347143
304652410
579471277
681605844
2315758917
2692404305
128795920
2060734732
2906984648
3562081420
1158727874
1359776808
281592458
210512041
3368192671
2351475189
3263864670
682227172
2325700165
2851464272
2673755399
4125380721
1581582097
3830477075
1158091066
1349587880
118569608
1897113741
289048794
329813418
982047406
2827856616
2296032901
2376788053
3668870493
2867353048
2927975808
3897939978
2237497508
1440221768
1568711809
3624552469
2158264668
172496321
2759941137
1209385243
2170294708
364976962
1544664097
3239789078
297017698
457315883
3022086843
1108749234
560118565
371962450
1656431911
733106804
3139774274
2991748139
623329981
1383345112
658685325
1949030621
1119718866
735632676
3180188226
3638371365
2379367005
3710133725
3527564756
606461261
1113445594
635260325
1574230617
3712853397
3571079508
1302697283
3663287357
2778022873
1498693017
2504251806
1413323232
1138335234
1033494566
3651011173
2581603935
2650957311
3760611315
40238896
643822341
1711222879
1609762297
4281360272
4077254913
811569183
100205048
1603280777
4177655952
2417985806
33067240
529075843
4170246192
2299429645
2431135958
243469673
3895514778
2198694308
819370567
225027193
3600435100
1772386758
2588384359
2759444089
1201432474
2043050412
2624035535
3329862902
1738198895
2041378556
2597285839
2901867768
3480211343
4143773945
1875873686
4244175208
3482293895
4177094776
2409006989
4184373464
2525465998
1752750310
2274201188
2027480652
2374919373
3638971613
2388970973
3863797211
1691213247
1289608187
3453861823
3722181629
3720331221
3690724693
3217020250
4227683744
3218430474
4250247328
3579447812
1436590144
1510605825
2694856729
168034705
2688555281
67211536
1075384586
26284192
420547075
2433785918
285869034
278937258
168028841
2688461457
65710352
1051365638
3936948322
2861631008
2836423168
2433097734
274858090
102762152
1644194447
537307381
6983504
111736064
1787777038
2834628832
2404388357
4110475353
1343096208
14702856
235245697
3763931163
93356464
1493703433
2424418462
135989737
2175835796
453634371
2963182651
166282169
2660514711
3913529714
2486933286
1136226914
999761446
3111281258
2535859886
1919052517
640069213
1651172831
648961525
1793449822
2925393376
3856621067
1576394937
3747482517
4125145425
1577817361
3770241299
194318641
3109098258
2500931886
1360204512
288435722
320004266
825100975
316713722
772452268
3769301707
179285169
2868562704
2947330304
4207611912
2897281160
3406825615
2969602291
268996410
8975272
143604353
2297669653
2402976085
4087879001
981554590
2819971560
2169872004
358213698
1436451872
1508393473
2659459103
3896639986
2216697636
1107423818
538911909
32655952
522495235
4064956465
614794013
1246769627
2768444849
1345444632
52277640
836442247
498174075
3675817909
2978511707
411547067
2289785789
2276834260
2069609804
3048985803
1539132593
3151285018
3175920042
3570080420
1286711875
3407520831
2980725747
446971707
2856580024
2755607425
1140045850
1060864422
4088928865
998352414
3088736746
2175147692
442624707
2787028025
1642775455
514603507
3938688818
2889478944
3281990158
972234982
2670857839
4079019761
839806751
552006141
242163665
3874618651
1864356286
4059896809
533839515
4246464944
3518929668
468299851
3197830330
3920645026
2600778279
2957746811
79308728
1268939659
3123165362
2726005545
666415765
2072717660
3098711498
2334743725
2996161235
693939516
2513097670
1554857057
3402876439
2906415472
3552974604
1013018830
3323399398
1634782831
386721522
1892577061
216461913
3463390623
3874642427
1864736702
4065983465
631226013
1509681625
2680069535
4226406896
3198000906
3923374242
2644445735
3656426101
2668242783
4037178865
170352409
2725638545
660543765
1978765661
1595479505
4052835601
420860187
2438795710
366025706
1561444001
3508267540
297705802
468325547
3198241466
3927223202
2706029089
346792466
1253712163
2879525424
3122733826
2719100969
555942549
305146194
587371821
808014551
43330936
693294980
2502785094
1389855840
762856972
3615776972
2017856708
2220936268
1175241930
1624001711
214223601
3427577631
3301634558
1286545387
3404857023
2938104816
4060004105
535556251
4273932720
3958414082
3205083170
4036690465
162538009
2600608151
2955024763
35755960
572095365
563591253
427525459
2545440062
2072335332
3092594250
2236867756
1430145736
1407495296
1045088270
3836510435
1254624827
2894128048
3356375823
2162405620
238751553
3820024859
990855606
2968787819
255964857
4095437721
1102494098
460036387
3065614907
1805198262
3113368418
2569254447
2453365502
599142381
996343510
3056594283
1660868279
804088692
4275484488
3983242370
3602335788
1802797766
3074960483
1954727477
1210868563
2194027828
744706884
3325375566
1666401519
892620535
1397026672
877590287
1156542706
1324814123
4017156794
4144966569
1894955669
254519641
4072314265
732518812
3130366402
2841222184
2509881990
1503406177
2579662367
2619892223
3263569910
677511012
2250241604
1644127311
536233203
4284763952
4131713793
1682911255
1156776314
1328551851
4076960441
806857631
24820216
397123458
2059008036
2879357512
3120047234
2676115503
4163142384
2185768716
612561093
1211042907
2196817332
789338948
4039488585
207307929
3316926878
1531222505
3024723611
1150937522
1235131179
2582229687
2660969343
3920803826
2603319079
2998399611
729753532
3086121923
2133310516
4068197185
666645533
2076393948
3157532106
3275873446
874367591
1104979570
499803939
3701895733
3395756887
2792502641
1730369311
1916105213
592912349
896662999
1461706096
1912461061
534605915
4258727344
3715128069
3607474260
1885013317
95442008
1527072137
2958317723
88443320
1415093128
1166653570
1486587945
2310570653
2609392087
3095567738
2284443565
2191358676
702000452
2642072647
3618456692
2060732228
2906944584
3561440396
1148471490
1195674666
1950925485
1150036690
1220717867
2351616693
3266128734
718452196
2905300544
3535135756
727597260
3051621571
1581304881
3826041619
1087123770
214111137
3425778207
3272843774
825892839
329383546
975169454
2717809385
535277203
4269467952
3886977795
2062102588
2928870344
3912252554
2466498726
809273967
63481592
1015705478
3366385767
2322564725
2801297233
1871082782
4167520744
2255822476
1733421263
1964936445
1374212048
512556299
3905933490
2365393701
3486560863
4245366264
3501350788
187037769
2992604307
637028669
1602524121
4165549456
2224281868
1228771531
2480475318
1032899438
3641489125
2429251166
213313001
3413008031
3068520947
1851694902
3857314667
1587492537
3925044114
2671163687
4083913329
918103839
1804759542
3106348898
2456942126
656368365
1911959261
526577115
4130266545
1659755287
786280820
3990558538
3719394477
3675736789
2977213787
390780346
1957518245
1255520851
2908464432
3585757964
1537552577
3126004762
2771435945
1393302168
817998223
203069689
3249115038
446233059
2844761656
2566513543
2409511037
4192438232
2654502287
3817330931
947752758
2279142252
2106537676
3639831749
2402733149
4083992025
919362975
1824905718
3428687727
3319396094
1570729961
3656842901
2674911583
4143879665
1877565206
4271239528
3915323010
2515626022
1595310689
4050134545
377643290
1747325350
2187401828
638690885
1629119583
296109554
442785579
2789601977
1683958687
1173535226
1596694441
4072274577
731883804
3120206274
2678660143
4203856624
2837196552
2445471878
472844395
3270543030
789080932
4035360329
141255833
2260093332
1801754958
3058275555
1687768631
1234494331
2572040119
2497936254
1312274403
3816521275
934798263
2071870324
3085154123
2117825716
3820440387
997504054
3075162987
1957967541
1262709587
3023484211
1131107122
917844775
1800614518
3040028515
1395815984
858219279
846606591
660803581
1982922717
1661992407
822074743
268294009
4292704152
4258756992
3715602437
3615064148
2006451525
2038453332
2550482255
2153010428
88428480
1414855688
1162854530
1425803304
1338016387
4228393016
3229778822
136853601
2189657620
674783556
2206602308
945898566
2249475180
1631864527
340028658
1145491234
1147990570
1187979946
1827809966
3475155695
4062883577
581627805
716110292
2867830080
2935608320
4020060170
4191420584
2638219919
3556813044
1074433858
11072544
177160705
2834571280
2403467525
4095742041
1107363218
537942309
17142352
274277634
93474856
1495597705
2454726814
620923373
1344839384
42593672
681498756
2314045509
2664989783
3985130866
3632551725
2286252765
2220305876
1165155658
1462621352
1927105157
768911452
3712648653
3567803604
1250282819
2824655920
2244821764
1557409865
3443721367
3559934332
1124374466
810122279
77054584
1232873355
2546104502
2082966372
3262690886
663446629
2025211484
2338612685
3058064595
1684393271
1180488570
1707947951
1557363449
3442978711
3548051836
934254543
2063170804
2945961800
4185715848
2546944142
2096400612
3477638727
4102612089
1217283987
2296674613
2387055445
3833148763
1200838074
2033540012
2471869134
895200495
1438306032
1538060033
3134124058
2901344680
3471841935
4009863418
4028272553
27851416
445622659
2834995256
2410251141
4204279896
2843968904
2553829511
2206566524
945326022
2240314476
1485293257
2289855645
2277951956
2087492940
3335115974
1822248046
3386164975
2639032055
3569807220
1282340675
3337581630
1861698542
4017372906
4148424361
1950280341
1139714386
1055560998
4004074082
3935643178
2840748704
2502306310
1382195296
640288269
1654677727
