8337978
133407616
2134521868
4087578817
976751646
2743124457
940318358
2160191852
203331265
3253300254
513196515
3916176946
2529288998
1813918310
3252889198
506619619
3810946611
845603639
644756349
1726167007
1848868350
3812089835
863895223
937421695
2113845236
3756752709
4273468496
3950986498
3086241827
2135228980
4098892609
1157772306
1344487720
36967048
591472773
873629783
1093174642
310925090
679834156
2287411909
2238852180
1461896520
1915507845
583354461
743736788
3309854030
1418056936
1214074499
2245322804
1565426505
3571987604
1317226819
3895759930
2202616740
882129479
1229169779
2486847286
1134850914
977745446
2759025257
1194731162
1935829421
908499679
1651092983
647683957
1773008734
2598335975
2918669944
3749046157
4150163665
1978109205
1584976209
3884782867
2026983740
2366968781
3511762140
353619402
1362943136
332253706
1021092014
3452570343
3701517949
3389712343
2695789937
182966033
2927456528
3889631499
2104561852
3608218564
1896922181
285983834
280774058
197417641
3158682258
3294275878
1168806506
1521034921
2861722264
2837883264
2456459270
648642669
1788348126
2843766240
2550586887
2154684540
115214272
1843428366
3725050093
3766226643
130084144
2081346316
3236769990
248712289
3979396634
3540804012
818289359
207727865
3323645854
1638726127
449814259
2902060856
3483300751
4193204472
2666762127
4013488370
4086271785
955839134
2408524269
4176649944
2401889677
4070496473
703434140
2665011655
3985480818
3638150957
2375840477
3653709277
2624773599
3341671926
1927143277
769521372
3722407373
3723943125
3748515157
4141667665
1842173206
3704967533
3444905687
3578883452
1427560384
1366129664
383238154
1836843174
3619687020
2080417476
3221908550
10929248
174867969
2797887505
1816527134
3294630382
1174478570
1611787951
18803440
300855042
518713387
4004446898
3941608234
2936189600
4029360649
45260952
724175236
2996869187
705266748
2694333377
159661073
2554577175
2218529148
1136728010
1007778982
3239561830
293381730
399140394
2091279012
3395693127
2791482481
1714046751
1654944255
709304308
2758934337
1193276442
1912553901
536091355
4282494384
4095400705
1101901842
450560291
2913997368
3674284941
2953984219
19107256
305716098
596490285
953909974
2377657709
3682784989
3089984986
2195119532
762174148
3604851788
1843053766
3719056493
3670329045
2890689880
3301365134
1282234603
3335884478
1834544110
3582901996
1491857089
2394876957
3958292954
3203145122
4005681698
3961365034
3252298414
497167075
3659705909
2720719705
581842325
719542612
2922747200
3814282251
898973879
1498680177
2504046366
1410036192
1085742594
192012321
3072197139
1910513973
503452507
3760272819
34822960
557167365
324743250
900924719
1529893617
3003461403
810742207
86973432
1391574920
790362252
4055861449
469273755
3213412794
4169964448
2294921741
2359009493
3384413535
2611009015
3121438586
2698377129
224361105
3589777692
1601868225
4155055121
2056372500
2837188936
2445350022
470894699
3239347894
289958754
344372778
1214997155
2260085300
1801626446
3056219363
1654869559
708109172
2739812161
887321623
1312244083
3816036155
927036343
1947679605
1098102610
389772578
1941393957
997532254
3075614187
1965186741
1378216784
576632077
636178645
1588923737
3947943314
3037550883
1356173872
223945481
3583127708
1495468481
2452659230
587842029
815537879
163704185
2619266967
3253565814
517445475
3984160306
3617022764
2037789380
2539859022
1983038693
1663848023
851764599
743331708
3303372750
1314356459
3849834171
1467804600
2010037125
2095822932
3468395847
3954726010
3146074018
3092544042
2236064428
1417292488
1201843330
2049624108
2729214665
717761684
2894252352
3358364687
2194227444
747900740
3376477263
2484028662
1089752930
256177697
4098843161
1156981138
1331829035
4129395385
1645816727
563263861
422287187
2461627710
731337708
3111468738
2538859566
1967047397
1407987280
1052960014
3962458338
3269791278
777052900
3842911819
1357046968
237915017
3806640283
776702388
3837303627
1267315899
3097185202
2310322989
2605429463
3032165755
1270011827
3140320050
3000480555
763048636
3618843596
2066922692
3005992011
851231935
734809084
3167010754
3427531815
3300901502
1274816491
3217194674
4230474528
3263083014
669720677
2125596252
3944768962
2986761251
543539773
106701776
1707228431
1545851129
3258781590
600897893
1024431702
3506005348
261510729
4184171672
2522237326
1701091559
1447661176
1687742343
1234073723
2565310391
2390260605
3884431323
2021359036
2276973516
2071837900
3084635339
2109525172
3687631685
3167532122
3435873703
3434371711
3410339839
3025829875
1168637746
1518334761
2818519705
2146642332
4281506240
4079590401
848936991
698089980
2579505095
2617375871
3223308278
33324896
533198339
4236206128
3354788614
2137010284
4127393473
1613786135
50774384
812390151
113340536
1813448590
3245373678
386371298
1886973477
126804568
2028873100
2397198541
3995438298
3797470635
629988021
1489873753
2363143581
3450558943
3669335549
2874793944
3047030147
1507842097
2650637087
3755487733
4253228880
3627152645
2199867484
838141383
525360251
4110796721
1348238096
96973064
1551569033
3350268054
2064681324
2970130123
277441722
144100265
2305604245
2529929558
1824167270
3416872559
3130353394
2841014056
2506551942
1450125408
1727170055
1864917118
4068870121
677412508
2248665540
1618910287
132760816
2124173068
3921998018
2622426151
3304112758
1326196587
4039276217
203910041
3262560670
661363173
1991876189
1805247958
3114163554
2581976623
2656920319
3856019443
1566768953
3593466772
1660893511
804492404
4281943880
4086592641
960972830
2490663406
1195908834
1954672173
1209983699
2179870004
518181699
3995939890
3805496107
758395572
3544394572
875738319
1126911218
850710311
726463100
3033475011
1290959923
3475489599
4068226041
667107229
2083781084
3275726278
872012903
1067304574
4191971296
2647031311
3697795317
3330150230
1742796143
2114934524
3774181315
257358897
4117742361
1459368336
1875056902
4231106664
3273197190
831547495
419858043
2422761406
109476840
1751629454
2256267492
1740541519
2078860540
3196997578
3907320994
2387593765
3841761883
1338647995
4238498744
3391470471
2723919985
633046805
1538814297
3146192282
3094436266
2266340012
1901701837
362458330
1504365985
2595019295
2865603064
2899976064
3449944079
3659497725
2717388761
528547219
4161788208
2164101900
265892033
4254272536
3643851141
2467043422
817989103
202923769
3246780318
408877539
2247073340
1593435081
4020124818
4192454952
2654769807
3821611251
1016237878
3374904167
2458859126
687040364
2402711237
4083641433
913753503
1735154167
1992662909
1817835478
3315563886
1509414633
2675797663
4158056945
2104401684
3605655876
1855919174
3924903018
2668906151
4047792753
340174618
1147826594
1185356330
1785832110
2803509985
1906486813
439017947
2729319865
719444884
2921183552
3789263883
498679987
3683912501
3108025178
2483762606
1085496034
188067361
3009077779
900604223
1524765681
2921414424
3792957835
557783221
334596946
1058583854
4052439777
414527003
2337464765
3039697875
1390525744
773575436
3787272395
466816179
3174091578
3540824996
818625103
213099769
3409596319
3013933555
978296638
2767844329
1335836315
4193511864
2671680399
4092180721
1050382110
3921211874
2609847847
3102859898
2401118125
4058151641
505916827
3799701939
665688885
2061087580
2912630216
3652410509
2603993311
3009187323
902356927
1552808945
3370106647
2382098805
3753842525
4226905552
3205979402
4051030177
391973402
1976607141
1560943185
3500254484
169496905
2711950481
441534739
2769588537
1363743640
345061770
1226021027
2436467254
328770410
965359278
2560846575
2318839549
2741694417
917437719
1794101622
2935822176
4023481866
4246167720
3514174084
392210506
1980400805
1621641815
176465265
2823444240
2225434884
1247219787
2775647409
1460685592
1896132997
273356890
78742952
1259887243
2978326707
408587067
2242425788
1519074249
2830351512
2335951237
3015481427
1003062590
3164099562
3380952743
2555636343
2235475836
1407875016
1051163790
3933718754
2809957921
2009653789
2089689556
3370261831
2384581749
3793569627
567571893
491215699
3564483892
1197167426
1974809645
1532183249
3040095515
1396887984
875371279
1121038578
756748068
3518034508
453977291
2968669371
254069689
4065115033
617331101
1287363035
3417939391
3147422706
3114123050
2581328559
2646551295
3690115061
3207266138
4071617953
721377820
2952110528
4284095496
4121018497
1511786513
2713747737
470290835
3229686070
135369569
2165913108
294871362
422974507
2472624830
907291631
1631764215
338423666
1119811362
737112612
3203867202
4017234978
4146217513
1914970773
574761309
606246357
1110007130
580244901
693983828
2513806662
1566200929
3584378388
1515479361
2772833305
1415659928
1175722370
1631688751
337216242
1100492578
428012067
2553225791
2196907004
790773700
4062444617
574604445
603736533
1069849942
4232697184
3298645510
1238720619
2639660727
3579865972
1443280704
1617654791
112672880
1802766094
3074453731
1946619445
1081140050
118371616
1893945869
238362841
3813805467
891345335
1376623472
551139085
228290769
3652652317
2607862239
3071090171
1892802485
220068697
3521099164
503011787
3753221301
4216965968
3046946059
1506496689
2629110559
3411063287
3037405043
1353840432
186610441
2985767059
527632699
4147155889
1929984789
814985567
154867193
2477875094
991295854
2975831787
368668346
1603726241
4184783376
2532024590
1857687782
3953200746
3121669794
2702076457
283550354
241838377
3869414043
1781082558
2727517153
690601492
2459689286
700322924
2615232199
3189009530
3779512227
342653490
1187488546
1819947566
3349357294
2050109164
2736975561
841936023
586074493
787257300
4006182218
3969373354
3380431535
2547297014
2102046564
3567973956
1253008451
2868266032
2942583552
4131663881
1682112663
1143998842
1124112298
805927591
9939576
159033217
2544531478
2057797988
2859996744
2810274945
2014726172
2170847692
373824706
1686228007
1209844347
2177640372
482507587
3425154103
3262858110
666122213
2068020828
3023562187
1132354738
937806631
2120004212
3855296323
1555199033
3408348055
2993961331
658741053
1949922269
1133985234
963894566
2537411182
1943873253
1037200990
3710313957
3530448468
652600653
1851675870
3857010155
1582620345
3847089043
1423882552
1307284355
3736680509
3952313298
3107470626
2474889774
943530734
2211589868
1025699526
3526290532
586073677
787244244
4005973322
3966031018
3326954158
1691658991
1296740091
3567972284
1252981699
2867838000
2935735040
4022087690
4223860904
3157265034
3271600294
805997159
11052664
176842625
2829482000
2322039045
2792886353
1736508703
2014335484
2164596684
273808578
85969960
1375519368
533473419
4240607408
3425209095
3263737982
680200164
2293268037
2332550229
2961065299
132404536
2118472588
3830790339
1163103290
1429783464
1401698944
952346638
2352644333
3282570974
981528038
2819546728
2163074692
249456705
3991307290
3731374509
3867417299
1749134654
2216350692
1101872714
450094243
2906540600
3554976652
1045051598
