21948290
3472975675
3463897419
3264723005
1887094095
2325640605
3946565051
2608225460
3110606999
825115931
2318863245
387674602
3822450719
4030705479
1586378842
1890934783
3221136372
1206387063
49222913
704819959
1710179044
2244563626
2773839992
3773956062
4290572224
3749727090
2531553346
3766761726
1912378559
696238854
2248953915
2692140506
2612295700
4029203191
2246979034
1538610152
2815476729
2280860379
1438059855
446628332
64605409
2579735285
1173027798
4155332516
2940819709
2985992307
1088931316
2347301693
4135228900
734574023
1804513699
1665597287
4274990624
1547769547
764922164
2456298800
1247814945
1245916193
1480788809
378751850
2530492706
2185498313
496110735
421404749
1083850212
2076739962
318026136
1664133671
1414485695
2910766780
2373505310
2721896395
2945874765
4137313460
3379054888
2454734144
2323651149
882626585
2687633578
290731081
1754496690
4251287825
35834161
2455922320
3441438250
1549042731
139976212
3156827429
3125521526
1491927769
95678626
3779397006
186477989
3679092416
4253033265
1180839975
1615769206
1558988667
2398581199
3818858911
1396698316
3650705425
2955061875
1424369407
1308523234
4123279797
2204859593
4187162131
203858278
1120772725
1156224022
674002886
4019005945
1408400524
4179201075
409352893
1971022589
3590050823
2819572910
2304577196
492336815
3982422904
3874551085
3931778795
1574375787
584478195
3689319584
423664221
884631689
3507629349
1514877032
1624310358
78433058
2521053522
1923386558
427618333
3761918830
2799451417
2050099130
259355719
3901660122
934649672
1049707308
2253996907
2262209131
618007616
411061453
2577109061
545958114
1371839485
939260936
4161864835
151458596
642263025
1340244259
38149841
1034030813
498734671
748555604
447286732
463076396
4166576835
3582415863
2817472441
1869812433
631414128
987829966
765312308
2053647882
1544889643
1247254401
788733285
986375038
3338507199
662577697
1145278950
600624099
2546447698
1789214531
2122838424
3811661583
2921289597
2935741629
3111855271
1229870144
2826987422
3476918379
550951458
3024407553
2550320213
2561344149
86752866
2093321929
496196927
3128828214
1114452453
1674190999
1093645156
1724451397
344592427
542514002
916741336
3115348183
3786311294
217946966
917332520
3293608142
4053588599
3035606849
1585607258
3837088316
2759336952
1206974247
3998158569
500401903
232679926
3555485092
3410596329
600973475
1095215204
1355378525
3736784962
2693098890
3675559360
729839111
3960402040
3773927214
509407166
3749549938
786731557
608909312
1879097951
2227044570
28584384
1400996524
89780658
3815109327
3852405068
312028392
1506855433
2484267731
3584463031
560927298
612713200
2246055402
735403031
3090067447
1609509754
1458836174
630991504
1428238255
1600095498
169129077
1760253474
2890266172
3967405384
2593257204
3991520200
2274383099
2851562078
3300706702
2468096848
1453424558
4284249424
3936401403
1878520993
3913419018
303327816
3566229223
2915959388
79198146
4018417529
1592947882
3914673210
1484029833
4279466736
4125159701
3794492655
3118362167
3698255267
3410486073
3329371935
1581169770
2027288939
4074229574
2660011318
443374876
3124306166
1106083332
4228501713
2711849194
299210745
804515621
3729395090
455443276
110641459
2187742025
2526161538
1426341999
2162140360
1234224208
2292228828
1169798326
1768754818
486817967
2170463432
1234269552
3940590427
1186446519
2037277003
3264627629
2270872715
2300031388
1664628039
1787780915
3194478260
3177818917
1447740574
2302444444
121117459
908582680
3190874916
3326736127
3992879304
26231120
2191630921
1150481814
3945529515
22432128
2466348160
4177617235
3265667405
1117450981
3855272364
2472113040
3877712477
1690027284
2317888701
1501261097
3662828544
2818643998
809304379
41302689
1967274237
1912334975
3573531799
2301517884
3229092780
391673610
3994399609
1727256325
2919902637
1532742504
2530226354
1633946166
342706315
2434195681
3250795580
1752824658
4138038980
3985142232
3819977087
1929365054
2356977726
1081996084
3865604685
3835340156
1257769457
333686536
1309777875
1067963308
2807583529
2790503257
1722980805
864707786
3382049576
4132480836
1317575347
895965577
3004418994
2540007858
3815082463
331286840
309446888
2446344177
2145643064
3564117911
1060044316
4231580449
2521022418
2141490120
395333658
2687853146
3300144078
1738285749
1164668838
3746416130
2349114494
1224574000
140632628
3295243742
3686589504
3363883896
2532413650
564408226
1598394538
559197474
1514503736
4235267537
463732524
4267235200
2936116173
664461729
3275975101
3548064516
1443435598
681363510
2423099217
513957950
3229447724
3965219544
3853636476
2801338345
265430567
1280190562
1355139053
2413485439
3137216902
1124966885
1137404949
3626742273
1677930180
1569227595
110508435
1931887870
2315076236
2232992490
2245376986
2008379148
3726197698
2273696363
3034019169
3938602395
2604112388
872960361
2731706715
313952472
296804441
3232990972
234399222
1273776049
2405601743
597593795
495447391
3669899024
1847716337
3554928084
3416891289
1060297900
3109606535
2836296654
3885772733
1601925034
3746862082
671399430
2081227817
139693220
424237565
3019530354
3236267308
173603125
4067103718
667690609
1289958818
1799716691
4272303568
1537307368
3855668572
2864278223
3584028231
3700370451
1478958793
1033053181
1207574855
1116669285
181067493
3184235397
654996193
3854822204
3598285718
4146902612
1823066400
2453748976
2044725531
305585160
3088084999
3759084158
620498672
501244815
3340655727
3101687191
4214211586
2281982524
2490959043
159839780
3964188200
1817297312
2202131449
3086166496
1405160780
446282028
1918487182
2501645043
635944848
2132892488
3062941040
2329952989
2243673162
2023034059
429361069
257598839
1257157105
1675866983
1724882885
1066014316
752384852
4138287988
2263383147
4174787955
1793576179
2582100789
1986714444
3063457664
1325419443
2540101698
3229977148
343446843
712439687
4010752041
1884483295
3720239283
2976254355
321342152
2509325219
2269586283
1188540359
1603145050
448036812
4288275184
3319818974
3585956967
3100576503
368039659
2916569644
2757258680
3681604448
2797608649
1032984605
809115739
1085685092
2059968762
1106612660
594135843
2521236722
165973988
533256222
2956734915
1669741495
2003826428
3992551944
68175538
2372178510
614254592
2415923025
513933326
1930816
3967819480
1035014173
540673842
241450311
2056235194
1366679133
3166395237
3066768432
1482691145
613641232
3625976065
33760257
1208107840
2256601611
68571426
2722403483
691407878
403443917
563809682
455452780
1356349725
2184889161
2257747355
4214636594
2154057864
2702207194
3518313061
1691059092
120083187
2783432024
2595314484
3060393840
3470828763
1236745392
2036367835
62278801
2569257093
2164918200
259074887
1452187406
1042046796
3197755348
3215543012
2512936035
3100078423
3803176863
3208575524
4098414885
2991243714
2206466969
120845443
3909604746
2870224687
1314813603
3980891576
728821607
3738050290
1038424029
800741813
3010088210
2586117892
235495847
3276785741
2426086961
1281525826
277212889
3719468371
715523271
160428740
3850944012
2082027945
1934858782
876427753
1943190174
1966975213
1373346333
876339433
3251813532
2033838315
3520470741
1034677469
3652853393
1025674589
448431836
230288854
3685486288
497080719
3005093058
696614358
4222399954
1805965603
2990985282
2693008906
471110799
689935878
738999396
2026474939
460837052
2709002538
844453658
2922651645
1073476252
3845653644
152674052
1040726700
1968818493
2457596656
3856675980
1763269682
3093576311
1961846973
3514462853
3842725180
2860100159
1417623199
1832841424
3785398574
844993674
689182246
743192212
1831454128
2338360573
435817629
423281997
2325355933
993773918
2461818032
3110136791
3618524406
2582469509
3070939376
2715937674
3608534486
3148740454
4006402121
2962429251
713458039
49272401
2896343596
1683568356
1841877520
2753589704
3817907327
1224729264
3311525918
3225275868
2612542068
1961414461
2658825686
3954029883
1786173443
2953263107
1879443423
264111815
227428806
2475442048
2130836920
4218479042
3280215805
1039922333
3912909962
2299796748
974665374
1832737584
3059784432
903916681
1494441145
3111268663
1651399799
3102614423
1194324967
3889154573
2484811315
1818662992
815917643
3566646743
1806566499
147250116
3079265792
3154213093
4056645975
45085425
3856857612
4095303333
3175783029
887808969
3348264895
4018102329
3228733580
555252930
4186258291
1994831260
1798847075
1959157565
3195690644
3173627157
1781173379
419917789
3753518978
1325682019
2596725956
3381239352
1014020269
1901854383
4250890369
3775067294
3913097898
1163139718
890109593
4248022081
1484953049
733188807
630113760
2344697629
2117777688
1915878894
4225529794
4018448377
1341289523
3899001914
410348237
3583736775
4153354260
1344896717
4254739537
1487022441
1389606508
1826130368
327238552
2268197227
3805796303
2946403629
442133852
3669561632
574746163
3697674707
329771720
3583103767
2788107241
1205004999
3582929079
1366245069
2107327193
2243045418
1347748973
148529060
3209281812
2183700729
1106406836
3681143840
2554332405
166414340
2416498209
2890009036
328845896
2492590835
3588621271
128932547
3045546673
3043178417
1868812113
2661453750
527267550
3988553944
28314384
371295754
202696118
3412956793
754057252
4811840
3632283713
2156105800
546345954
667189889
84098066
2015732571
1186406679
1110335941
3280628653
3613129510
4132286596
1627948038
135080340
1395199116
421088301
2556050021
1959481725
2734314043
2759238936
1244723313
4041438951
3989765912
4264589088
3997300345
3975383496
328297976
3690062656
3330314207
532566174
2705082778
2469731264
931222456
2809229689
3807616863
1052683756
1540974968
3538985540
1149808310
1567365563
863420826
2201294873
808670139
2809541945
1785960691
837238251
2077744090
3082071328
1514226232
2222000490
315948840
4266692192
482450079
893344169
3008600242
828717547
1943488926
2470292896
1531009560
3023055217
1390589484
1817755360
2109854633
2807200233
4090738742
1886235087
1402888220
3225021868
3679993552
2107650873
1718752309
678083670
2024630251
3487021259
1905667407
1520411880
1238486096
2560682997
3622548726
1777145538
763678900
2707960906
1754613042
2321909741
266021175
1382948940
1083712484
1204325159
374288794
1664386775
229593622
2754353848
896575897
1395908284
3178845605
2873808511
2902336396
1192845799
3285187149
4103845381
1812596928
293702473
378778042
1668563399
2207193801
898891513
4260569473
1124224325
2592825860
3288979982
3021768929
297967385
1043593932
4120507781
3943377611
1435920975
3567199399
1229851840
427845581
3483021419
1624664550
3553414308
2571744597
1789550723
3238526764
4267255552
1308725763
604488096
2202044217
242428055
1362083149
2056981066
345360491
2429945713
249744583
2576301717
2099953369
2108854249
533857502
163326020
1351125933
391813530
859156938
1670730503
2786060281
3488796187
2620787863
422555853
1637485126
344828235
1385569308
943244511
2311012316
2142800088
296767385
2670954054
