21948180
3458295611
3463963979
3398940953
1915995470
2325509565
3950759931
2683704502
694946006
296501641
2199099849
865300970
3822444831
3258953565
1589278810
4038421815
3664683968
1199645559
1190097159
3792581279
1698582516
2682886534
856429738
693464470
3677126592
4286597616
2480959552
3766590590
956076463
593486595
3322360863
1748944850
2409969951
1916686750
2738649499
4080491510
3085783472
2741047547
569838898
442878444
2480482672
1390518796
1142472086
2066521002
928270600
2450636480
2105561993
2802987097
1622405238
3773605262
1260187953
3798105967
4275973680
1549862379
198700325
3662327056
1512113144
133260579
3393654601
512954350
534593902
2195465961
1305642914
256141527
3517885669
1506515833
921891560
3855625388
1499032105
3562172999
3834566716
2960662275
1040611100
3996763833
2373189374
4261207425
3137487686
2257347083
3289800174
3151795350
690792198
1309411635
308792712
2601528116
1449685550
3831276924
1257822001
2925766605
1335603155
1604741338
3518255781
2773189336
95544050
3320121310
264067495
3008252658
2514823043
1325881731
3003574194
3479529019
3430320586
328595544
4038190919
3465455579
1337417587
3202761140
2204711561
1964180509
138129764
1657355463
2039386139
540458818
2122592360
1624331446
2842479486
2533114194
2191795145
1200812199
3780075694
3244123788
3440998090
3985947224
1957701165
1280976418
1279644002
2730872171
2597756276
988384334
412988605
1769704962
470045951
2852095198
163364980
2162723672
380695962
3946079979
3453375210
2782162072
3643895521
3720484675
780565077
4104869557
2909421116
2088290169
2398353375
4022283657
1527924936
2442162177
3758334590
1157366742
128738179
3339147759
3017795506
3479544859
1211533584
304164952
1622172950
3391923817
1288923442
3529853188
2450008544
1405110572
2455353408
1887441551
622759952
539082050
2055480714
1259721889
2839705454
4007422521
3564308455
265223527
4207818530
1850054641
803441957
441065468
1073283932
112723491
205942534
3725446818
2638597239
2565795189
3672896304
3865163405
1830464896
1526774264
1945133230
3244133996
484013631
3967763032
2226253994
3780388814
1335721635
4249251537
3718442659
3712358067
761720532
3718826547
2489720275
1000794846
3585921591
2758740808
378594026
3319022334
2247978698
3717546691
2240161770
1339373283
1841704848
1595965162
4258579569
2296540764
3703176739
4232523457
1568919499
2677420982
1735156981
3387654632
64018161
2917378764
1436049375
3216976724
1453869262
2442952001
4202934258
1608897498
2813598057
852705946
2234812714
307597848
607133472
1044428316
1815709856
289521337
2104715657
3541228804
3121180806
3775744094
2428316897
1505929865
1427307263
4127174821
1632321606
2156749352
3293617358
966580879
3038687041
1585692026
2062898122
2811603961
1475569438
3460107531
437779116
4116272389
2852909695
3841936012
2501402787
3242703724
1993961292
3734504002
75844354
2516850146
734315671
2301541468
2025327467
383233802
1578372442
448124556
2904154988
3336092383
1975387053
123406787
327659624
1624373062
4002204617
2543017298
3131400502
3261985229
3818528847
1084221796
3536358420
405311901
591080835
1527209032
3096471479
3480191595
81166962
82070610
2560915653
4052463863
1643100870
1972228685
2761636968
2026899547
280480265
2484248883
1114018037
568994370
1418057583
2933790061
718996951
196051045
13294192
3034633089
2801958089
4187218483
3295060382
1128065653
3572194167
3069081136
3965727672
1735519285
3630931921
1067673324
3453507338
2920571741
3334199023
2917035180
3646449057
3410129769
3872533053
1417283695
283047241
3935487275
2321006749
2168134968
980491390
956120895
2122310296
3308367902
1614649222
789330469
1951067581
3682255792
2271221147
725060631
405688701
2734369691
1463198798
1218302064
2699136618
483720639
4219424354
2630095015
558849170
3106236087
3446538698
60081089
2273568347
3434574746
3879018909
1127994245
2802539689
3109284407
3564009879
4079936438
3345828671
2524938466
29667440
1625422886
4165795267
4219946338
2328164269
4015758441
953331951
1642055910
2446189617
3361993816
3903942538
3742738242
1317336851
3995554921
2832458686
3346909599
2470417008
618748000
2965405043
4209432690
2967845379
1946614029
4061824550
206330326
3014510034
2342901885
2969227619
2730943883
3407257145
1014133837
3902536762
4168452227
285702969
4134741908
1328069955
2055654826
2606093844
2888318828
2128194872
1517355672
87113506
2118489880
774999333
441186236
4017685129
85104162
742764740
1636420870
2584590580
1911114767
2552222821
2831883310
945672831
2768197224
2899337404
3245951596
2497271395
2898674300
2230935178
3172230773
3437934314
1842706400
4022366169
3752999010
1891910783
2298404044
3113869575
3255741149
1438273407
2667515142
437068012
1104759940
2567561829
3301583070
1371296621
2799406041
397541626
32851008
2290207724
2547618290
602219171
1162320262
856551274
3738528850
3634696129
528724398
1667003335
3884922877
1878752977
4255253521
136451652
747185748
1286150146
805649467
2021000603
188184773
4052373911
2737814299
1983334988
2493051299
3813018607
400502474
1570055371
1234577280
1325442275
1237770416
3244359228
4235807969
2579756645
3972725640
4145107876
2806641529
3874726093
1100623316
1537845608
1389419676
3107490503
361635739
1060585436
2142818776
2746240971
2677524038
2358011198
3397197289
1003696830
1702668628
1386861372
2792946921
4191336419
1875306721
3519168053
2087451257
4109624965
3440012698
3677661984
1447055934
2759624792
280032025
3862079213
1306195186
3924058538
3277117677
2983935555
2089279577
3232962332
775464309
1256980401
4284724864
1828753344
528523422
1094480052
3781762046
939344952
2289107692
98139938
4265960016
3298921934
463222204
1803087795
3748009970
803506901
363468827
808918875
1052127740
1677287671
3253700172
211407478
2766998248
365981867
3780602494
3573382535
4212024018
3315888046
3747418338
566539954
1835400224
4164995395
2458339536
2443237281
2940441805
698002406
1473030654
1409103164
1786348179
86455986
1835369424
127977779
2456245456
2845846462
1467782190
677221126
638408225
2890059004
2583284373
2502608627
2380763038
524049278
3070024656
3080725312
1182880807
2823704958
2734507931
2402722543
1172230262
2699912458
3390369993
3784529518
2900205884
1115244053
2351576686
1826467696
1591821850
2352299374
2061349786
1731560965
202101558
2792196777
357736507
1081604340
4058544391
4061123958
2867613231
2623517127
1670370375
2828009006
4233993729
1006884397
2891678636
123326707
2716316394
1708514116
3062460256
3737147458
2961512531
816223675
729199175
1687033956
818421723
1068945692
2721595403
2148958024
4270855344
694239766
2217495914
2597628356
1401523772
477755583
4051695303
3985592328
2685419194
2104758841
611506832
3038837889
4177757411
163980276
1206451943
4258207201
734164727
3991845432
1953518445
2799369817
4239524257
54731841
1216555840
1451332430
647778721
2739032027
2679581190
1410089423
2208206281
462679388
3669549456
3273781245
3757786578
2342781997
140169348
2701742474
2736072827
1358395277
4011518361
3543333300
4083766438
2840396926
150758564
3377062888
3352322271
3250530924
1423542479
295584441
2238950794
1528159704
3148904294
4006397561
2364740958
717057399
3673156288
3582046743
1680814468
1661512407
1437559231
3548322436
889786617
569616434
1348849117
2612685172
3538472228
2588456404
1806238115
54975521
3091410439
1544506187
2526514850
491013503
2331962573
3650855217
1113762005
1370107645
1576771435
1054229740
2312703116
421061165
3294247934
2013057404
2734228299
110536227
1279673458
2296761996
2635725175
4075731654
1972155245
1725644069
2051670106
11862848
109093795
1195790519
2708450970
1563771483
2226557930
668213313
1082338980
1565037387
647422337
3271705661
2289787404
3290002446
3894188634
884285193
1041376188
1199165543
2697959146
768923236
2898816588
3701035363
2730953339
351707115
1071016012
3499633829
1498057513
374498266
3350501423
811549195
2216055978
2840892574
691830278
4228652017
937659800
456204284
1073239868
2927101789
247183111
1846504641
3649293953
2634199991
1735303909
1170965366
116224755
3857068252
1639537398
3052244593
484659263
2692710202
4269043856
3777084158
1979516301
186335909
2236250154
4032160567
3329122143
3200164756
1193896311
3538930756
2559095349
1684773284
860415722
3453297146
1140092805
3742075618
365226747
3589766263
4176431507
2468868768
3846259468
2249845099
3537296084
3047721985
402857373
993723262
117202019
3099993047
1202708199
3184482853
3024778929
3982672696
2255539867
2637610711
2108592233
550640450
914671704
2427475025
2829231710
1287501554
1843735040
1409309071
3005120594
10845520
4204835282
1671820455
3914322250
2727634475
3428239082
2379602974
3090968423
3738123234
2009405148
767114676
2070416922
473171215
169849477
1695243332
3096029751
1416599711
826204779
3302431038
847007226
2616472516
1737001653
359365019
4080518678
2351780158
2726144251
1375089181
1681639668
2447948977
2036585899
2874560431
2673753222
2030876155
1811295523
1514572008
298913369
481553199
3596559766
1261212865
696404230
2450305536
1677741348
2588442692
8978832
52467745
809714827
2299939628
2522363010
1761907506
644097025
1208133792
1363215101
100362530
3527754756
2282229228
467208460
303604264
1146117046
3077364304
3030483265
42087857
1801638515
2766540424
487619279
4120818293
1693134180
1523086920
3968962936
586220451
122072867
1581756026
1559596891
515337022
3598541190
3272389325
1704684836
3662227456
1342242829
1704224
37755201
847382554
271897161
2761044552
1687158900
15204864
67171586
3926163691
30884880
2283924908
3680052688
1268789761
1677906996
2825421454
85812626
3408248521
2106736905
2182225929
1074942052
2697465882
540332306
2720281163
1687576756
3244819628
156845316
2315809389
3839576444
2465742880
2151720776
1318078643
2439463489
2223197098
2538869538
642104977
2099416329
437421788
230248662
2712407674
485857679
857697066
3595926662
4178354131
1067855116
1511543528
2781961048
3065080688
3605030726
3465297003
2027380155
3145190838
2607552820
845676954
53748993
1241731745
2772648760
2255612715
3596009430
2142018664
953178383
2988427858
2493799475
3093704919
1638886134
3589118599
890196009
2689838778
1567906267
3015105234
3047538689
2147684728
586154867
115781123
1543912059
1962379005
234514806
3538699556
2320019917
1671102887
55568481
3502450197
1277877058
3062214528
1593857306
2855592031
3233772156
3841501340
1362651069
3480952683
1054250108
687410246
411952685
3428555866
951439599
2715788138
1188422743
3366850392
514964430
2006804364
3474550475
3717659203
4102431781
1212815072
767640404
2259188075
4074143094
4209806514
426094877
1647986951
2450423040
4194324402
2674212934
2156693992
332438808
976333454
1427994527
4013932249
2108872777
2962359427
151420996
8922704
1285593378
843396234
1762921874
455358092
1830305968
2170600264
1989233836
2572698469
2261414731
3868595005
645547217
2309141772
1779996387
768039812
3070787504
4284606832
3537931732
464043164
2033769899
3142983622
