1305036230
156894145
1155289504
3465299788
1375566524
3482933578
4155868263
48843489
1829389879
1799311917
2053052711
1920727030
1367171585
1353380387
3561389210
775696246
1003458852
3851881210
3764718784
2341813949
4229248588
3077830596
1062672510
2134620789
3075418177
750306959
4292291659
274446557
1804599096
1672996308
571759158
1427708789
2252238792
3266363243
432180289
2201735777
1367568764
2853710793
931108375
3245925497
1003926075
1801656708
652257183
2353415916
1073408846
428443222
794560719
3523628440
2835318140
1171222912
396583867
867419188
1221306140
22473243
3235813972
3072864504
1930851511
3324989964
1280726767
996008399
2581461290
1083375272
51419587
586828580
3555536508
403191415
321974933
4264073415
1650079171
4070311422
3138238319
236502346
2870788618
1161698267
2747492909
1185318220
2802630546
398985719
3202417218
4152430084
3901946797
1034099819
3638366756
1758049346
724961953
3502445923
505883521
3242568642
3729490841
365952444
3007577201
1304791137
2057504250
4050427459
1074328178
232957788
267538903
1812762357
2432926715
755196369
3213531100
799289298
215949723
3126774052
4284152092
3313484950
3275086726
4189116110
329141868
2088367035
2077312633
3704153167
1885730910
1020232905
1423699952
2508412861
3959482163
224606096
3514821492
2966432995
693850405
2630892508
553203464
2862052768
4102638095
2460661619
4176425169
2033714561
2494311450
174316359
358879360
4143461242
2949221298
127973520
4262095655
870344159
671625682
4128631584
983347279
886936536
1216423413
561265325
781271920
1018880539
3732612879
306059098
3425341522
3392832197
2503387852
2435628771
197564317
3192153199
1620188262
1326923290
3275208509
2930020601
3814199672
1694895748
2925084134
4046975958
3917274114
720641879
3037033038
2354260393
262207015
799002616
4016700254
3322780684
3412815198
337071481
1246009105
1313964858
3062476731
3569133133
1699001655
248997569
1489810656
3317465355
1568722084
2612527128
703781874
3291464533
2141400145
3908765834
2241251908
1487338480
1849550157
1999863832
2526249611
274148253
39434400
2105892189
3247806008
216900741
3321484367
278072606
2654357349
2794576358
3855570085
1828019290
376082376
3773660092
4279794195
1944517901
1040004496
2545133515
1138515387
3150232148
2098057463
2418744864
78075471
2436552474
787844814
1972399791
2226504468
1262320131
3988251927
2662298369
3837364607
3354498753
637654400
3954490330
1907803303
2694988170
1526388354
3899219853
506567504
543266164
3473660062
153254006
2207582042
2367733319
586825677
3359332666
2246985590
752142756
3442898213
1509642716
2534239912
949089256
3649014994
2744695577
2926638717
160657771
1328410169
551808704
3791192720
1730268140
2360641856
1877741764
2584646805
393046624
308468769
4058885171
3059413118
3131077483
17336742
2463022250
3490788288
2900904672
4048034737
2651041234
2912882196
1103248489
2420954402
3070463448
2314022461
2543823867
4068758861
3055421593
3531239822
1562406519
2399179844
3686082900
958829260
4020070638
3740182607
401571480
195362953
2435788638
3045810127
1722301745
4251933504
1322396899
2297859549
2800290690
3493139939
1239030319
1509057075
431242894
2595599263
1430826118
1026904262
2340788637
1519632316
3893045038
1120136911
1300934125
218895613
1298181136
3407427972
3388490652
3082170651
1705581208
2279238894
3728882038
640051961
3047384941
2703266140
1122152839
1075242583
1552080063
4016286148
2387133868
1361023310
461620343
224746587
1937542365
393006858
646136677
4221220612
2356915723
3390580713
2006437055
3208370484
3659497706
332496142
2483819039
523758644
1428021212
631757580
683461030
2540764181
3223510622
1275225201
4264783908
4183425597
3739710867
3778750205
2218495878
132595978
1919132005
2135907083
1111932668
1546731078
1003150739
2095945696
957199522
2505857391
2580644084
3448930599
2044549001
1713607229
801717331
1158421883
3479878888
2544955581
501294466
2344126805
1333661562
3539007550
2496859004
3434434812
371647969
123721853
2915813811
2051193443
4089744431
2018156083
725984775
2656209975
2736750843
1708227522
294927985
113692507
1204533888
2703120181
1080735957
60572247
584226367
982909946
1806945587
2967932543
559304573
2817279780
2911386166
494346243
159739291
1422418923
2513308119
3332571021
760875148
2934480994
2392899634
3486750787
3979825991
743891679
3878990420
3868016221
2774118290
2275899116
3675482182
1682468466
4238377065
3296728487
1740098766
3584828923
4276915327
2609630917
1499750923
4270352882
3358474444
1392943740
1842789219
720923673
3908917748
323357676
141290192
1570377313
1083560492
146266838
3812905869
1395943267
3111831706
1158317768
1319421404
3953703799
3199337240
1315249376
2218677522
1017252277
3797937644
2187576257
1714834593
359433613
291152574
2100798222
125559068
3530351756
903207177
1295661951
625021470
3610440074
3784675621
354127721
4024133124
1186607658
571982903
3838372057
103738905
697698337
606061398
1709024938
1946998948
1304127739
1534579605
2599199274
3638746883
3008699429
1660212255
2456530762
3632277485
2973005158
3826973147
2658241214
852334536
2087303220
2830334214
1014860715
949705352
1348671994
759000878
1138117574
107142048
3529986200
2218039491
3136316869
3680889762
4237696715
91242071
1216584451
2805756791
3648970525
4095959127
330076637
1361887843
1783475402
1219804601
3339719045
2122224522
1500632547
1376254091
1211503117
1957730082
2645893680
1946678494
3934649988
1048592110
4203965205
165355823
1317600919
247608858
3321146363
398814910
3390350255
3660347869
3070331864
763840183
3002876247
1828791627
3137994377
3705868615
929050482
1816279572
3824718556
278824988
2686083826
2027743950
2502807926
616984777
2922708141
680722116
65294394
259060571
3726323008
4192547450
1367790574
2158910625
901667195
205212897
2402439724
4032026302
1088244537
3367388317
1110179744
3720497908
4157566689
4087533126
2285659839
3315987708
1286087534
3017996272
4241511417
2159923972
3795592261
19499423
894523696
1953619980
4007971801
3356379268
2291041582
1927113681
3354668784
691203829
2619441932
2054365122
4037470914
2371478422
911077519
2107909502
4087044485
465272343
2537005287
498680326
2668895788
4051380949
634408423
939677184
2533394808
4155458218
2883873096
2529255075
2216607939
2930050429
47352462
3037348760
1462772268
2706675283
1883308136
2706017708
2942117738
1996049303
2202051055
2878816855
2746955106
1715770628
3533891282
1093988542
3189515130
682618615
1628410170
908964419
2027069632
941567684
4164295031
1721544287
2445756087
818865007
2087175412
3879727102
1532813669
3405137824
3545168942
2303405973
4247928985
622542097
3654881929
507277550
3135931034
3153244346
1760437376
2166468563
288446589
2249949889
2036563395
1080898917
2676570805
9192406
2614713062
2110591606
407152443
336179274
5630884
2004689002
2428491067
1153500057
2756861548
3895603639
785296730
1013077148
1555872023
2071361469
3733039075
140021181
1554811190
3981328258
21212376
3942505483
3632396570
3097690762
1540337016
3223124237
3404976090
865124659
664243541
779678696
362267219
2734624882
3860792311
249092532
3101647758
2967105781
2073454641
1203043458
2439216623
3181335607
2404776470
722244504
420077828
1744823046
99549962
617593690
3057653710
2403696363
1026316338
4122288722
2970280830
2855733438
3159740401
3598712988
867680065
2648010080
3116832772
2091758040
1151438224
2508021238
2416112190
576107739
1801602746
1431933448
2715681919
132209799
598152831
2574555823
3275986784
3851055074
545552299
1866457978
1831128264
1154455529
619836955
3785443327
3956450079
829771640
1306630778
3474900872
1807815797
756022192
1857955234
2771891874
1882067364
3840611460
2996441902
2495627512
3855411840
1240945901
1767063672
4261062934
2672491534
3001427710
537649185
2164291751
3835071151
2381629517
2737378221
1829476701
1963452981
3603828775
2319169046
3347910832
3193590751
1822240898
27199904
2680750936
1972076652
680843921
2063255903
3761313948
2742629459
3915201359
550229639
3760345846
2970233689
1065959002
1846225999
1730665142
3820170634
107260631
1596109852
1307075661
3758600153
547828169
1408228146
3008525646
745048957
3857228857
1175519696
1078874357
3288159578
301076930
356099883
918230281
1469651871
2054031344
1868033168
3249754122
4160866506
1504165558
3369958277
3494171297
1546661193
259267996
2337186167
1169406101
3642992199
24147555
1135938301
77035097
1997904858
171346931
1523798537
638434952
3800649875
2935901805
3521770560
1619891414
1265518330
2130584339
2418434992
692990438
3368950063
3696412440
3607265756
550399552
1448537716
1511229117
85974765
1750247431
2400000771
3464972443
2148651510
1878965951
3758798472
43905505
3344744587
1928464559
542926113
3509188371
3434541521
4074875910
704519577
3018850016
176517584
3609622271
4235466978
1251727267
2139671258
1579119345
1820328362
3861768335
2569744071
1951497226
3883605938
2596851678
858225258
3087174462
585456384
1769328118
3171527958
2954217905
2269163673
214619360
395782796
3013930266
1060265529
540123326
1299228006
1554619856
3509001404
982063710
3994307176
1083052997
2085997607
591392214
949523483
2082491066
221741634
3541194684
1894276620
2300778511
2848109677
633111562
3334389870
163440828
1691360391
2311592809
2908226456
1510563563
3707070244
1131960336
2083840016
2518896354
3682683249
3305202308
3417073181
132118998
461747052
2640044885
3553631539
3884833333
464669536
1401952670
1915488525
422514532
3084215070
1604587390
1400727396
1233479660
3051302369
2839518042
1142949164
1489728810
3325591359
1717173196
1519747874
3296894870
323342128
919996257
3223297741
1536605673
2980616264
3532028210
56598910
1787912295
3779675832
1878563438
3068724886
2099358743
2901928426
490339968
2117928732
1665245277
2157491436
2063894372
492895100
10989738
2214124840
1797111452
555620237
3852540881
3569322108
135785140
1841148007
3071303429
1759779696
1007344690
2248656526
229149914
2690618810
264962034
3415899184
1763354547
4218969805
2941345763
2876968422
3965341642
2155642321
365011132
2412359975
1641538168
3263959152
1980560000
1734713862
3617149494
2520283131
703434149
58043911
1875620020
1393109424
1311811448
320496479
138547869
2645056354
882771120
4066359484
4158697842
3288910050
1951927414
915224952
2888726153
2263824282
344629520
1673648856
1883273832
2711028318
3947558206
4293241677
2747947663
762088503
4147702526
3803402407
1650505549
3745276201
1766847365
2065215897
2445829190
3148371524
3552912444
3811356958
8801719
4045868423
3073818371
959918341
118059949
2319167601
2720408850
4065495103
192643412
599067154
2660615655
4186579222
2453276173
823529126
4035357164
501573007
3808232244
2555844772
254653726
3372845905
1096056888
2417600467
3427880660
4043788432
3584014959
1668029953
2938994342
279096282
33528497
2522634180
1416152699
3226252731
1352528910
4237717720
3930616648
3679290298
1278359182
640167086
46884464
1943092975
1360046378
