17862
961
20896
18252
31420
22858
33895
19169
17975
21037
6439
63478
25089
61987
31898
12150
37156
2810
3264
16061
13900
63428
6270
47733
10305
50831
11339
47325
65336
58836
23094
7029
28616
49003
35905
53857
29052
11209
38423
58489
45627
6532
42911
18156
60238
34390
2255
19864
34172
29056
25531
50228
42780
59931
39508
12536
29879
21004
22255
57807
63786
65192
39363
19236
11900
13943
62101
39111
13763
1534
46959
48458
49674
7131
27181
34124
49042
2551
578
3588
64429
7275
4644
46146
2721
5475
11137
43970
33689
64956
64625
34913
1530
40515
62066
42844
20951
36597
33787
25041
38876
12242
8603
51492
63772
50326
56198
54990
20076
62395
18041
58447
63582
33993
61424
22461
59187
14224
60276
11491
20773
15324
14088
30112
18959
46963
12497
1409
11290
56135
4224
13178
35762
47248
27431
26079
12754
60192
45135
37848
9717
15021
17264
57883
9999
5978
36946
33477
43724
48867
38813
25711
7270
15898
46909
37113
4472
3716
15846
62422
56322
8023
29262
10665
63015
53240
64350
39948
27998
19833
38673
33594
44987
42573
46391
26305
46304
33035
52388
24
56306
50005
11345
2186
51780
64496
58701
32792
33419
11165
47264
23901
38456
42117
54351
3358
18277
55782
21669
23642
36808
31676
31251
64781
13712
42955
23995
47700
53495
7712
22095
55066
36558
28335
49940
31235
58647
29441
35199
38593
54656
48090
50343
16778
54914
24461
39760
38260
55454
30838
1882
48711
16333
22842
18294
51620
29989
20956
28328
62440
36050
47897
63101
29035
60985
61120
656
52204
35136
4292
38037
27232
56353
44083
61566
29547
35238
48298
13248
19168
7089
44498
3604
15465
54562
36312
11837
44027
21837
2201
29070
28279
37956
10580
37580
26862
43087
32408
137
12126
24527
15665
23360
11491
36317
2946
5603
6703
25139
16014
45983
44166
20678
39325
49084
10030
61135
44525
5373
44048
14724
17308
12571
6808
27886
14710
27385
26477
37212
45447
58967
56511
43460
50604
37198
50295
23643
36061
53002
17253
46852
44555
10217
52415
55604
33002
32014
4639
60468
57308
56076
51622
64533
56926
25713
28708
573
30099
9981
36742
16650
41317
23307
48892
15942
56723
38880
46242
22895
33012
33063
22409
37437
15443
7547
48360
61629
9602
35157
3962
63550
2940
20732
58849
55421
51635
47715
35887
40499
42503
35895
33019
31682
15985
53083
47744
22325
47317
16983
38463
1018
52531
3711
20349
18212
14902
8195
28059
25579
2519
65421
2188
41058
49202
38979
21319
58079
45652
15965
44946
30444
26694
28274
32873
5543
52430
9723
35967
52933
25099
27122
16588
41596
47971
27673
23028
3052
60112
3681
53804
56022
21389
26467
51354
34504
50652
47991
792
7392
21778
2485
60908
50113
19617
34189
41662
41742
57628
58508
55561
15231
4638
61834
37157
36713
26116
12842
50231
59609
60953
2081
50006
42666
55460
26875
54165
41514
57091
7205
54303
44874
10221
30054
63963
35518
38856
47156
30982
35755
23176
6650
28462
19398
56224
20632
39107
26053
60322
7883
15959
39683
29559
57117
24663
37341
49763
44234
48569
4485
37770
54755
63627
4621
38690
8752
62686
65156
16110
27413
8495
65175
13850
44027
28350
41903
31197
35800
18103
16727
9547
65161
4423
12146
14868
37596
34844
25330
60110
53622
28873
64685
65220
20538
62299
11584
12922
54254
23713
22907
19681
21036
54974
19257
17565
65440
19188
28385
52806
26303
62716
9070
63472
21497
54020
9285
35231
22832
57356
52185
18564
34094
27601
12016
61173
33548
8130
60098
58262
61583
9598
22917
32279
41191
16902
7724
10965
19943
22016
35192
17066
26952
24227
49347
1405
35470
17304
8748
38483
104
36268
10090
19351
41455
16983
13666
38148
59090
61630
9082
61175
37178
45635
41152
11972
6519
44639
18103
58223
50420
61438
57701
18336
64558
12181
16537
15633
4745
28910
33434
45242
9344
45011
22653
33473
32195
13669
15029
17366
23270
4726
42811
45130
60324
8298
54587
921
24172
12727
44378
21660
47383
30653
42979
36285
35126
16258
44248
56331
63770
650
44408
63757
53210
49459
36181
62440
49747
4210
1015
55732
25486
28917
26673
64642
32239
21559
64022
37784
57604
58118
778
47962
6094
32491
22578
8786
58238
2238
53233
156
48961
28000
6148
45528
36240
24054
62014
46299
18106
37384
1151
23687
5759
39599
38752
28642
30635
58234
52424
38889
63003
18431
41759
20344
39546
51080
5237
64432
9634
46754
4516
5252
4910
16632
60032
21741
16504
43286
64526
9982
57377
30887
35503
51277
5037
39261
59957
4135
46614
4272
21471
12418
2464
856
32876
55953
51551
6300
13395
15183
54919
21238
11097
15962
11343
55990
11658
43735
46108
25677
45017
12745
56114
30030
35709
42041
464
20725
21850
4546
42795
5385
7071
2032
60560
20490
51402
48822
31621
53921
11593
7580
41335
47253
42567
30307
2813
30297
39898
35827
21001
48776
20627
20077
62528
38102
18170
8979
25520
12774
6447
50968
33244
28224
61044
34493
57069
43015
6915
18587
53750
48831
46728
61921
49291
2223
25889
63251
61905
44038
7577
65248
29136
30463
6370
55203
51930
29425
426
59535
11975
31754
8114
53214
31338
35646
23296
52726
44310
51633
45209
54496
10892
60698
24121
41150
42342
40400
7356
6750
19048
5061
52263
60886
37915
19130
33346
22460
24076
6159
46189
33802
49262
59580
7303
7017
920
24299
26404
22544
57360
20194
18801
25220
26141
63958
45932
58197
7475
55861
19296
6558
2317
3940
25374
3966
26468
26604
11745
39770
1324
29994
32575
64460
33570
40854
53040
1889
40653
48617
38984
31026
41342
24679
18104
39534
1686
44055
59882
65152
1820
41053
46316
34660
64380
45226
56616
48796
6029
7121
34940
60084
45159
24325
7024
56370
50830
36058
38330
65522
31792
42931
24269
24547
3558
20426
32209
41148
45351
57976
4208
62080
41478
21046
30715
36261
44551
45236
10672
42872
25439
4765
23394
1200
47292
45426
51426
3190
14712
30345
14234
41232
56024
31336
606
62782
43853
23183
35895
60158
20647
46925
24873
62341
45465
25670
22084
9276
45342
19895
3463
48899
12549
29613
45169
9490
34879
33108
2578
50663
8470
1549
3750
43500
25999
820
6308
46366
35665
32824
42963
20180
20624
47727
7681
32422
43994
39601
22468
50811
46523
62478
28888
29512
33722
13966
11438
26224
16111
43306
