3925
86
1304
2306
466
348
-267
2489
2667
1773
1168
-286
2936
-575
433
956
-847
1049
1252
2488
2309
-81
396
-2571
2739
-1366
759
-2738
-28
-1181
1682
1588
1899
-2405
-1161
-247
947
1623
-2110
-3520
-5282
1160
-2264
2148
-1914
-276
97
2713
-230
1179
750
-1629
-2426
-1467
-1765
1834
585
2327
2370
-1465
-187
-42
-1502
1391
1629
1117
-700
-1256
1188
305
-6200
-710
-2680
2162
2726
-338
-3487
774
210
1297
-170
1008
1065
-2243
785
827
1840
-4538
-104
-185
-152
-81
490
-3235
-493
-2066
4857
-216
-313
806
-286
2356
2341
-2791
-231
-2343
-3270
-935
899
-264
3404
-3581
-436
-311
-827
4461
-2671
367
-1622
2995
3034
2238
1794
238
2089
-3365
4414
300
2709
-2065
691
1952
-472
-3980
1763
1685
2300
-825
-1729
-823
1159
3849
3856
-2291
1563
952
-263
-24
-3018
-2152
-118
316
2775
2527
-2196
-797
1986
593
5505
-849
-140
2200
1195
409
-742
-3398
-389
-2085
1078
2720
-315
-92
-5258
-2300
-2568
1569
-1701
-70
-4679
3
-2224
-1771
4292
515
-2816
-151
-625
-5
-106
1581
-1636
588
-1376
-2397
-1640
1513
2442
-2013
2947
2248
-368
264
375
-211
2329
-3899
898
-1797
-3218
2178
3239
-2527
-389
607
-3264
296
-2405
1375
-371
-1839
-1664
-1995
-2266
2651
-2667
1669
-5122
-958
-580
339
858
-2157
1674
1542
1378
-1731
436
2368
1519
-967
-947
-1683
-821
736
-1659
-1415
144
-5517
-763
1661
-2164
1350
-3205
-653
-1381
37
-562
-4048
2592
1581
942
-1957
627
2908
-1823
-959
749
-1889
3600
218
329
480
-891
1464
-1686
1400
-2436
66
47
1177
1411
2132
3979
6112
-488
14
1297
1734
2794
4532
-2340
-2582
4427
-2757
-3346
865
-561
-4107
287
-4187
3964
1569
906
382
254
2173
336
1098
-856
-2081
-1323
-2293
-2801
-2383
-1606
-3800
1889
-857
-1821
2161
-1354
-4263
4545
-1358
-766
-20
123
671
-673
-1573
-954
-1952
-226
-1701
1050
815
120
1193
3622
-327
2777
-3669
4236
-404
2222
-3319
-711
-1909
2571
-93
-61
1099
-189
4812
1117
-2033
-406
3439
-1215
383
-841
540
1877
-1599
-3338
-5711
-4175
-1731
-1331
-3665
-786
-15
447
4247
-2771
-3594
1118
-1461
4250
-2419
354
-856
1240
5170
5424
1698
1986
1183
3858
132
-23
532
-2307
-1311
-1039
3171
-1437
-2614
1911
-2862
362
1333
1207
-11
842
-3648
3758
-630
-2299
1518
1547
2819
-2614
-1930
996
1802
602
-1833
1420
-1550
-669
1384
3016
-319
-605
-3656
-4248
276
1045
1300
1107
-1173
-866
2966
-286
-1206
-1506
-1437
-1274
-1074
575
817
-520
-858
-1975
1065
1232
-815
-830
-31
727
-1959
-900
-619
462
-2099
-567
-2324
2575
-1588
-4440
2681
487
-364
-217
-1255
-2223
133
-612
2983
1542
1902
1513
-2706
2591
-586
1049
-378
3004
1775
-1578
523
-3000
3912
-388
-4117
-2137
-2072
863
-703
-2295
-386
2177
-3545
1411
-1222
-25
3972
1363
2196
-118
195
-1765
2157
-570
375
-1019
4581
2166
2256
-105
989
1022
2862
-656
-323
2230
-1329
-3558
1685
-141
-81
242
-1348
2643
5144
-3528
1254
4058
1307
5164
-1723
3132
3020
-16
1530
592
-3182
736
-1399
562
-233
1850
-482
1513
-656
1934
-1216
-1745
4657
-120
930
3154
-1759
-89
311
-607
-927
-578
2317
637
83
-1524
616
2478
2045
3176
2400
-715
3018
616
395
-3593
129
-596
3187
2539
-1047
52
-1114
1202
2388
-2502
3692
3816
-50
-1351
-203
1199
-1855
-715
-5636
-3223
1695
1776
-2788
5388
-358
-2321
-308
-1734
1527
-671
1385
3032
2039
1258
591
-124
-1641
1781
-718
2410
-126
104
2885
4644
1148
1913
689
-1322
-1653
-817
1811
-2390
287
571
854
-3145
2501
-1399
704
-2831
-969
-799
3671
-1451
-2963
-130
49
-3496
-441
-1452
-2208
-373
-1333
-1850
711
339
-1687
1242
341
936
-229
60
2215
-376
-1937
-2459
-960
191
-1484
1477
92
762
1375
-4041
516
-1174
27
-4287
335
905
-754
-549
1311
-887
-464
2104
-1008
61
2536
997
-1158
-1906
70
70
-3448
-3870
-1130
-579
2215
-2576
1415
-1033
-3418
751
-241
1342
-2916
621
1477
1115
2270
-400
2408
1706
-1729
-177
1250
-252
291
-90
-2239
418
-2305
-2261
1297
-1905
101
39
1077
266
345
-41
-4065
-402
534
1871
3695
-1436
3072
1334
1674
4194
-2041
5327
-2154
-2124
4262
-2285
1292
-981
43
-1012
-2946
121
1759
2075
762
-2837
1051
2689
336
-2002
1732
-3327
-1525
335
-1803
1361
1692
-2265
-1256
-1006
590
1143
823
-710
-930
1585
-3955
5174
3294
-629
-1526
1832
2240
2150
3632
1782
-1631
-124
2107
-1635
-188
-1044
-4571
3002
493
-321
-1060
-1017
-562
-3877
504
2066
-183
-1312
-1828
1923
-42
1013
178
1445
-2840
-4551
693
143
-1498
1856
308
2590
-950
352
-1103
3010
-1630
-1618
-786
-405
-2748
3507
-1996
575
-2684
-218
-1204
686
1452
851
774
-3715
-2344
-1499
5210
-116
2227
2553
1777
-2978
-275
-1941
-2626
1597
2057
231
3819
949
1233
-2975
3895
2101
1102
1267
-112
-1391
-1902
2779
-2900
3325
770
676
1232
1026
395
1184
751
418
-1085
190
486
77
-703
-207
-1659
-1192
651
-748
-4366
-885
345
-1439
1919
3259
-2592
441
-1924
-1003
-182
281
-1161
-3042
-545
-118
-1807
-1465
-2996
1959
1784
-523
-989
-2768
3134
2840
-3134
-3084
-1088
-938
-2
467
-4868
1540
1113
198
4179
172
-2376
-1994
-1639
73
-969
-1644
2094
115
-1486
-5707
-1106
4959
-1373
1721
102
824
280
-1117
-555
-5016
917
1754
879
1878
-238
-3044
206
258
-344
-2273
1366
-917
-1378
1987
-3280
2947
-748
-192
990
810
1752
-2321
4970
1448
-3413
3053
47
-2215
500
-248
-110
374
-2397
462
533
1553
-1695
1314
64
753
-1012
-1298
-11
-1919
2553
2784
-4888
1895
70
-2304
-851
832
-3264
-1966
-894
459
594
-75
2340
1376
676
3700
-1451
