-560
929
-602
-418
-3583
-249
-2460
-681
-410
-848
1645
1430
-3240
1623
-5175
411
-1893
3797
3869
77
560
395
577
-352
1806
222
399
-484
1441
1578
-1261
1988
-4515
-34
-3743
120
-2546
879
-3502
4392
-1856
1603
-1543
-369
3439
-1759
440
-940
-1700
-3172
-902
169
-1699
2462
-2339
709
-2057
-1104
-1495
1601
1104
1275
-2050
-390
747
266
2047
-1803
305
2055
-1323
-47
134
2653
-4592
-2583
-37
3101
3775
3620
1592
1203
2231
-665
2939
1427
1013
-2460
-1169
3329
1735
-388
3315
-3523
1427
-1428
-2274
-562
-3190
-881
-431
988
2163
637
1355
265
2621
586
-332
850
-546
4431
2301
-2637
1987
-2940
3832
77
2938
1518
-1358
228
401
-913
-527
-717
1725
2208
1439
1635
1612
620
-1599
-735
-3140
-2257
835
1466
-701
-1554
862
506
-326
2541
1097
1475
-622
-358
-1729
-59
-180
-394
3314
118
-480
-1800
4345
1593
284
2758
115
2272
-3420
250
3010
1405
3403
-2535
-2190
-934
-496
-1154
-2219
-1679
-696
-2199
-476
-2712
1501
1317
1821
145
2251
2419
725
1510
813
-2054
-1693
864
-299
-516
-2267
-1916
893
4534
-448
1485
-1636
-1878
-901
-2517
-2558
2905
610
-2634
-803
-252
1423
2388
-1975
1609
-1023
-1342
247
-2001
3096
-4163
-1561
-2943
970
-204
260
-100
1645
-1633
-6459
-1648
400
-1811
4703
-91
8
-1099
-255
418
-1598
-1110
-3350
3162
-2909
-204
3453
-1969
3558
3141
2279
1663
-3303
3805
-3912
-2300
2648
-345
3452
-115
-2330
-332
804
-433
1166
-936
1740
257
1041
-2712
349
-1011
-2075
1017
-890
-1045
-1641
911
-3391
-2203
-1601
-1910
3575
509
-1398
147
-3145
3097
-1378
49
2178
2315
-3113
161
-733
-1338
-1933
-3792
-22
604
1250
-1952
507
-2230
636
-140
347
500
-502
352
-592
-1594
-1886
-772
1816
1953
-1701
334
-3550
418
-1578
-2622
705
-181
-303
-2011
3052
439
545
-887
-1694
1407
1275
1562
746
471
2342
1570
-1308
-1987
2176
-4558
2552
-816
-71
-3426
-3314
-10
94
2946
-1072
-547
-1852
-3944
-2146
-717
-393
435
1264
-155
1032
2615
-5211
959
4362
1864
-831
2143
2289
1386
-579
-5615
-1454
-2714
-2541
-607
-4273
163
1097
-488
-716
-260
-245
-3980
3608
288
3335
-2066
-961
243
1984
-2440
-4681
537
2087
2499
-2264
6
-1533
-1624
1656
-911
77
-1221
-1598
-2025
-2627
-1130
1433
1186
2790
-1990
872
-1679
-2573
-55
-2313
-219
-1874
-1333
1997
3202
3854
741
518
-720
-4371
69
-3601
530
-475
3628
1219
-740
4557
2468
80
-950
-2087
-1054
-1295
1518
1596
758
64
1713
1403
-1916
-4969
-1437
435
85
1301
67
3595
161
-645
428
-729
1094
-509
2214
3115
855
-1931
1798
-1828
2394
-804
-1899
-431
-768
-2078
-2274
2081
-4342
-450
2180
-1118
-843
-1399
691
3187
72
-2020
-1647
2873
-3978
-827
242
-1089
-116
1881
-1351
1367
2083
4588
-5557
1267
4359
692
104
-2417
2071
3416
48
-944
-4785
-475
-2470
-3406
-762
-71
1735
2914
2190
440
419
-1314
-1600
-2578
2320
1626
-4300
1718
2659
-102
4202
1310
1773
1878
-1062
-2931
-428
-2470
1076
-885
-344
1707
-422
-1324
1163
-1031
5048
475
1161
-988
243
1225
-2724
-1376
1219
522
-988
-940
-1721
1404
3958
-1187
314
1057
1107
1451
1764
-461
-1772
-1458
-31
2711
1169
-1128
-1439
-3020
-198
-988
-369
68
955
-2247
-282
2282
-1715
5209
-3194
828
-698
-2275
-213
1018
-88
1900
516
1010
4175
-1588
-1976
-3106
763
2461
-1288
-897
424
284
744
1857
-289
7140
590
-45
147
2572
-1523
-1934
-646
1425
-301
-1652
-1866
-1898
768
607
-109
-1486
1415
-920
-671
1497
1775
1372
3243
-528
312
-1549
-1385
-240
-3423
-1903
-2764
-3472
44
-737
2437
761
782
-1710
2559
596
65
-1100
4357
106
1665
3465
1233
-1480
-882
-1416
2665
-1185
-1199
2571
-3711
2585
1114
2552
-170
2232
-3473
-515
1226
4801
2368
485
1775
-79
-682
1353
-273
-1587
-1186
2525
-130
-351
-2127
546
-2137
1619
-1507
-2949
-169
-340
4094
1256
-1699
2336
-441
-2208
-565
-1359
639
1367
2268
1014
-682
1344
2681
2191
-54
686
-1359
-20
-1090
1827
881
254
-1596
-333
463
797
-3212
3816
3098
-473
233
-21
431
1104
4189
-3926
3104
94
773
551
427
886
-1543
741
68
2201
1570
2594
-1232
-638
-5273
-957
470
774
-161
-3491
-2390
2721
-778
-1199
1637
-1980
1852
3339
1702
3873
-720
729
-48
-3033
887
673
1903
-2108
-231
-736
-2452
4133
-3409
-871
-3079
-751
-143
-2230
-1218
2121
-2718
-317
1925
-2580
1310
2506
287
-2708
-4527
3559
-1124
990
-3050
3844
-106
151
-33
-241
1556
52
2326
-2664
821
3615
-976
2164
1530
-2792
-791
2064
1862
1242
-2086
3498
2309
835
-3153
2629
390
-2551
-3894
-2349
582
-810
191
-161
1546
2039
3990
-527
-2588
-167
-1340
806
1921
-222
1468
1143
4905
-2787
-1405
-2090
-1468
-2319
2651
-869
-2759
21
4089
1895
2582
2606
-3622
-1357
-827
2984
-1490
-496
-1247
-1719
736
-443
2242
3189
2174
-954
1058
2993
3104
-1197
987
-1716
-1119
199
-1366
1486
-1786
-4152
6794
-2690
-1693
466
3553
-793
-224
-1305
-2046
-1337
-1957
-543
-3419
2704
-1023
1665
4944
1596
-1141
-848
-2972
1062
-714
1273
-102
3002
2194
-2473
1717
-1114
-2987
3559
2598
501
-3332
-1589
1459
-4972
-3304
-1452
-1107
556
-1706
-3214
-2292
-761
1850
171
2817
-1488
-1004
-576
-4269
-2695
-436
3024
-943
-2032
208
-655
2424
-201
-207
1112
2904
284
-3715
393
-226
2357
-1494
4428
1271
-1265
-1042
-2964
2432
-861
-711
-3120
2366
-71
-1223
-493
1421
-888
-1740
4199
-83
1176
-152
-890
388
-1207
-3356
1483
350
438
3562
4132
-1020
-1732
809
1090
-277
-4549
-2085
-1294
-973
-1199
-672
2090
-2095
-1242
-1107
-549
524
-506
2960
-1176
-1839
-814
552
706
-933
97
-911
