8160
8097
8034
7973
7911
7851
7791
7732
7674
7616
7559
7503
7447
7392
7337
7283
7230
7177
7125
7073
7022
6972
6922
6872
6823
6775
6727
6680
6633
6587
6541
6495
6450
6406
6362
6318
6275
6232
6190
6148
6107
6066
6025
5985
5945
5906
5867
5828
5790
5752
5715
5678
5641
5605
5569
5533
5498
5463
5428
5394
5359
5326
5292
5259
5227
5194
5162
5130
5098
5067
5036
5006
4975
4945
4915
4885
4856
4827
4798
4770
4741
4713
4685
4658
4631
4604
4577
4550
4524
4498
4472
4446
4420
4395
4370
4345
4321
4296
4272
4248
4224
4201
4177
4154
4131
4108
4086
4063
4041
4019
3997
3975
3954
3932
3911
3890
3869
3848
3828
3808
3787
3767
3747
3728
3708
3689
3670
3650
3631
3613
3594
3575
3557
3539
3521
3503
3485
3467
3450
3432
3415
3398
3381
3364
3347
3330
3314
3297
3281
3265
3249
3233
3217
3202
3186
3171
3155
3140
3125
3110
3095
3080
3065
3051
3036
3022
3008
2993
2979
2965
2951
2938
2924
2910
2897
2883
2870
2857
2844
2831
2818
2805
2792
2779
2767
2754
2742
2729
2717
2705
2693
2681
2669
2657
2645
2634
2622
2610
2599
2588
2576
2565
2554
2543
2532
2521
2510
2499
2488
2478
2467
2456
2446
2436
2425
2415
2405
2395
2385
2374
2365
2355
2345
2335
2325
2316
2306
2297
2287
2278
2268
2259
2250
2241
2231
2222
2213
2204
2196
2187
2178
2169
2160
2152
2143
2135
2126
2118
2109
2101
2093
2084
2076
2068
2060
2052
