64504248
2216395133
3088572038
2112383096
2257030684
2028064488
485394471
3900864957
664524022
3176098720
4139387399
2694870783
124777935
4284284730
3488853015
985757518
393536133
1311265124
2232830080
1686636928
2157448375
2160816161
3070369241
568172183
3655955009
2535726836
1106199199
4096390455
2673047889
932519439
1373696650
254323190
2325701442
4130614494
1120792181
3739705312
1979582115
3765057189
2741654743
2773318974
3620987229
1041618303
1566044311
2131326056
2537982512
1755515072
814481719
3222500885
929125850
358458299
3661345829
3141686679
626622014
2548293971
1041579385
1406636855
2033415222
927163126
909077347
4139137896
1672906299
1751365230
996598741
1849515235
3587061940
3817554523
3022369144
1528266817
2013533539
1096171349
1677021399
1426946365
3616792389
1039422863
1163458280
2406386544
3904310208
1891369273
3222511123
971060858
325559269
2050907363
3855496756
3814933601
877007229
1628954317
2112672601
3442842864
1506742229
4043134726
3580914499
112474883
1135620154
50571446
982216386
3068930794
3266225782
3932644044
1982644423
3423370694
3353110646
3330763098
1989518709
1515673671
1971615275
1197653864
737575441
1747001206
301427065
1989648283
2046406828
2601175549
2896156742
4253313778
1185885723
4074878061
457627789
1837684746
2374020817
183309067
3509630225
189864178
294593801
4065369765
166353968
2781022285
814012569
1300862322
2572627940
1929269141
3841546081
2507545026
1637624521
3266092184
3385428519
2560786193
670112488
296648853
3892926519
2508421217
931536721
1643454093
1374214212
2374256988
1150664853
1544118160
2516127487
2431645316
4285025735
2229042906
3354239328
3658878584
1625785211
2016915985
2065764814
287107875
3467784591
588837136
2400257959
276461052
2808073176
4240280516
3636218296
3298527793
3097695931
829143886
3149195456
1317799125
3226294722
3583782254
3268864518
1856005106
104803419
4073045110
1539795113
1988794074
2842535050
3662193599
2319186375
3214704288
3354002953
2690683109
151934543
3848599672
1334284109
2029311949
1300028481
3452181214
1101916627
3734847378
3556323117
2465390275
770455845
3281147225
626364711
1494381294
657384169
3996032878
3925272504
1853589152
3093955541
2688376578
3589284219
35109435
2074328746
1005232526
2853760507
2397026036
4218375936
4109369937
2432663
1374254206
2538074092
2130627927
3973412074
1464772681
3934556232
1225035537
1223760668
296865138
483861763
1917861646
66121398
250307524
3057405010
3301255158
1384082439
4139808767
125828871
4293951251
133250562
333456390
37774060
103727555
3961273282
3283889516
3268856002
1821123449
3258424604
2043790898
476260386
847392556
586338028
753848165
3975569056
1709835492
2689483950
3830115611
2932979517
460575494
1026583586
113387030
576809024
377749997
1075761879
3979178824
3610544232
1216776391
1754034995
3342023901
869127189
3712045353
353541868
703514841
3968704030
3655461865
515808403
3922278821
2476366303
2778594068
3752936287
339083003
1609545085
4216837416
2102558782
671344042
1046129302
2863230305
2530611424
1628310169
3769209867
2571156037
195318209
1159467059
3238213859
864957635
3813424802
3286903955
2731094223
2467098778
3473514915
2585411431
2750839742
1740369296
3201893185
2419332054
1094541897
3592723886
1239083186
2928353945
2989070683
2576724000
1526859250
543105911
4063721606
2005427108
2251968383
2767714810
2141170553
4206334302
2031477011
1578186918
327839520
2800880589
549248241
3452901220
4051060196
1683900217
3832780183
962163416
2536342240
3626894574
3763266326
3996215173
376985688
2240119726
1480255166
2926305437
3188316751
2644832424
1326088310
2819056608
1983776911
3767072485
2406375370
3858540690
3397987869
2464275945
501126443
3914512879
731838413
4017938092
3454717589
2900972167
2502455511
2265805670
3610666284
1716700018
741812167
1920760089
3348209579
435863180
2884159941
2359055962
3311771850
1510780463
3403872761
798986939
4180392889
3149631947
3105667376
3415410119
811365733
3344324574
1702748597
3726334761
3048380079
694877420
2949566174
3975016130
3740019238
3265424245
649548281
1965005201
4187558085
2433506160
3317105484
1882506427
1280032020
3151054717
343396967
2099674567
1742501459
3345300770
1406282776
583107274
405578323
3391435148
1394134402
2362976597
2190823742
1427367190
1045521718
374563422
908455747
1593061753
1125620507
2041689614
459336174
245293259
3993811536
3416592168
1358073160
685015083
1208137498
728867804
440255457
3695055944
3779363798
1211985447
3605167295
667677486
3207785269
783506506
902080679
1250587674
2806096001
436736618
2166792968
1781566120
145395564
2834746152
1823641138
685975470
846915970
2929208809
2195625316
3914746382
1688265730
239087364
49299828
68632923
1947581831
1540913268
2273790618
1957277146
2598217762
3665962491
576697287
4215044740
3349696141
2229852623
2375873530
3477054076
4196910958
2088165465
1845859343
1497430928
263784646
2425120212
3328000902
3560467909
2262588208
3316842935
807105712
3075148753
2965183174
3517735548
3324496828
2092681194
3162415240
3926428941
2295390069
234312295
1965456631
1741649751
4151669028
1460816682
615687118
708636185
3470890751
426770311
4294474963
2278374924
3554722817
205527404
26657261
1813961525
3987953391
896463085
4010728814
3990283924
1852392992
2489452757
546134703
3584749947
2937565552
2065107751
1890743118
657778651
1316861817
3682049810
2045846802
307309482
314222308
2859354316
3834432622
3435589536
1861878310
2686608855
643661203
3621335357
2467552831
1038351642
1070704712
444891483
1209381205
1528127431
1442610717
3353467719
498368401
1207505480
2435091638
1221287958
3053544601
373920594
2570396804
1380468660
2222672727
3031793058
1473913696
2721448566
1613196367
1992618421
1327193374
3050431639
508129576
2534573581
677435642
227518063
4201053992
1878164656
676005868
2961099030
3968953643
382908454
729966650
646163664
986516067
3500553072
1664549593
1882034285
3641104452
1837383745
1141120177
1103829234
2978948186
4064651936
1521092834
2693669750
3795283100
1992933876
2619296222
4103990948
3739896105
2761069305
690986713
4193098590
3652577616
1586826387
1355366368
2482900710
3773721156
3869525428
1146834370
3034326460
3260794381
3160463187
225785041
1397560701
3512196668
2112079186
1012211881
1376424712
2838528013
134272806
225600092
640010279
1552053220
658391647
3827695086
1608444787
4004982870
1929732375
1443986404
398348077
3841121227
767342577
3414103912
4051076402
1750279226
843293082
974760142
2592924128
3458072790
3758973376
3592161670
3231214309
2259573176
3852175795
3097178773
3005832153
2512229130
3643843835
172997045
4221263791
3053122061
2938166647
232224401
2003377248
2445675164
1621740050
2627808061
313775928
1030982922
953199002
177841596
2589706181
3162266708
3318040318
1416621475
4275713339
2740172559
997259958
262890628
3058191463
2227599352
1736411463
4170478282
1194110681
3404569182
3651530548
1593003144
885556972
2288960642
3964152351
2191654177
533862304
561646500
2696563713
2764053799
30569708
659474921
3969818574
3925665772
3464416928
3974759157
2687456662
4116277587
2526362382
1404102206
241428974
1050603115
4008098922
1808181037
1785911268
763250193
3831569591
298547454
3079663578
4278036814
3667192186
1318562039
2056222577
4151775884
1898496676
2351582511
2765289649
797646712
2985789836
2023278616
2357300275
415446944
863637446
2700897872
3336897958
1348103370
2798429112
3392898647
3093657438
1467343569
1580014949
3520487344
1710949188
2956214450
1141581572
2993701917
71423838
494266325
1585271857
3577945759
837416658
2674729446
3525207914
3866534878
1782441537
3731102430
1101917095
3736764315
2818159145
2602734135
690190636
932366528
747376081
3235714470
3512364109
2797917082
1295624086
2591649593
2532546291
963591301
4089994207
2243821334
3757139787
376749667
1273376823
1661170108
924565926
3155847653
2795396644
3856813483
618313098
2874715725
2330253266
1300046339
3525328167
64125616
665520528
2962819283
2425172528
3542288089
812488319
3647467604
2131051757
1414454003
3987681762
4078838130
3793168102
1919836377
3859650510
3648842398
3467241605
2659737207
2246537896
1999277430
2832688336
1984759945
3498613483
2309929082
3951537108
2059224031
3560831576
3752168814
1490480577
1859915949
3238714777
2916717399
2570417142
1463772905
4134442876
3916940432
2085159484
2418264961
1018699050
2178066403
712915621
3819593125
2782549251
2773499375
64943197
4014332842
1572514438
2863161629
2249315537
491591569
3514374135
2441051760
4159115222
1895654083
3593223060
3283700267
2493693279
735443041
1602622107
1630122938
2604378859
3132014028
3957116322
3436850765
2732904738
1293035288
577863998
403956298
1042590859
1254667638
2337762188
1991822532
2362199524
3302899886
3825918361
2920912647
2574283679
121238240
2670593836
3765619705
750753569
4185005003
566015809
3413382890
1097771317
3935523465
891850776
2298578149
407787315
3849534037
866472007
1426354997
1194548076
901170571
1817755040
2346323837
2700597574
2106878843
1186446879
2078406190
526575780
780814414
2760174832
1322190627
4034016709
593254105
3312293168
3646099193
821008145
4184938561
293870415
1102377565
1327881215
1572863627
4293440589
2336546092
1305657884
740410034
472588942
2989027087
2398156281
257921545
4179664803
167394650
2748688842
1520214749
3392002520
3718090274
3638701451
584627114
2335876757
2859031549
2512375842
4244778487
585070359
4151409031
395868936
2276492063
137491194
523216589
4201438590
3453479992
2126743050
945856960
169608587
3227038037
2333432526
1437393929
3460340005
160586668
632997980
2894450582
1559847598
2519395861
2934004093
362270905
2097913328
3118399958
4028459836
3602107311
1018885624
2942274624
4173597658
1086172983
3673390763
938129060
2875870247
2764209245
667278697
1574343565
1765331444
2367639136
4108717210
1623828142
2590698115
2930260199
2207151414
3881003429
916083020
2769604502
1291413404
2524564481
2629834239
23065551
4282187748
3489549336
3837886671
403503771
3484004587
2601434934
3958598045
916050136
2634908048
3625518503
2421849877
2817612791
364867985
4145618801
2448890526
1906962004
2665826700
1419298554
2356128136
4204302123
2297609583
735509483
1874771605
3957937933
2507200545
226628046
555543031
3466557316
4151854093
2218844159
234877943
4282351216
4159111710
1881268980
506415503
4103667427
2414755176
3822487816
1754302046
140898059
1592833712
191564036
2962246985
81041191
1232237254
657219813
3322828134
3847643540
1712932140
2488453591
748517805
3617247349
2902938034
1964714214
2995675648
3860860889
16620795
3654268524
4217816544
1818100859
3762795930
2069471966
2586700256
3734897890
3763217344
3795584134
3225971797
2261080504
1436255678
3093030053
3192543385
2777259691
2582295243
2871835126
3416221570
4135068909
2186206812
3991259952
1555237520
816383932
2424029707
3156262151
198210928
123142319
1879768296
2949547506
3898552302
4076790196
3994764761
3026030804
3641524424
3557592610
