64650448
2815232392
3499655391
2282616848
3749775073
275652587
3791567474
3953600214
1919771119
3592354762
4022116652
3390230387
754397823
1931999575
2140500353
1461197364
2174962315
883473694
2345788513
507909867
1634646931
3954783939
2473343404
3281699467
2888348537
2335676232
2037681979
1223933202
1003562986
310289381
3929954496
3851158564
3225570465
617222458
2702421213
986569361
3718844467
2432909301
872373983
4126014212
3752872273
76880595
1370305785
3545210598
4193149970
3863029421
308992082
2911185196
1385349396
739328342
336945287
1443395328
2272267037
11653314
487335765
3262468924
1429458178
1020274066
39397132
2456863959
206401885
3608532044
1564790195
1289435294
3012158841
2656539108
2032029069
3839415829
2371968963
368850131
3276616300
3542535328
1825177942
2685756828
1448722836
2618904013
2497500852
3446358465
3021739178
3242895057
2859274930
3509264647
2987423393
124393368
2709096627
2559259149
3005276121
234722587
3646011371
461290997
3957283224
4120477725
2550257843
495662178
3007721312
1660292821
1626166373
3578157388
1704248269
1279057853
3455834873
3182401236
4184689134
3567184394
4003504443
169066320
1005916095
1358689088
3207857618
1079846897
3531545748
4056499773
2489572129
1035083232
568201153
3774618628
3250605167
80148745
1871747964
163041183
2096758280
2682292327
143028701
1730009303
3717036928
3619163743
2162555598
1605167095
3464460394
4152796206
1782768736
776341209
1617796563
3655154298
3550982098
2063410379
3528244172
3418146982
3431623253
2795851832
1426293140
941180070
2487902737
2787187457
296751272
17465972
2821147176
1956808748
679658676
743132674
3034589361
42669630
2976115721
1052809628
161072574
2623268389
3194117139
633421500
334217282
3154390396
1121437493
2087933766
896819923
1177368357
3547487257
633443102
422699764
506414253
4098547415
2918020594
3613335658
4060522090
1785111769
1783470047
3648912150
3752946883
382484037
3286520352
1159858484
546521216
872941840
2156988069
275403784
2772470621
146134661
1567118924
2237975284
1286554503
4097340571
2269757269
2616546836
1432438310
341995444
654002994
3031640563
849295921
4087552699
833335838
3139561725
512741575
4245453970
3351850579
2464496704
1405355693
1080744546
2913346404
1647725881
1691587954
962011855
1915550625
3485081003
2715464065
2870484733
2179978520
4249980777
418814359
1771665784
2543290582
2022534353
3603765922
3517591219
2733322895
3005806743
2408150407
2539156519
2269279035
657701156
999442946
614477402
48604205
1514329804
762101779
3422631597
325770586
2916460824
1519485726
405925214
517334195
1581986888
3007612696
1215399028
407326495
1962016308
534989158
882274009
1726848809
3656555169
699011412
2702527856
1423376663
1880192670
392817624
2663220546
3629393346
1113336733
3266959589
2643353396
3857926861
883741077
3440989651
2505915636
3553576536
4100294496
1484130449
1619596076
2436024413
746969351
1569747700
120539769
4104625612
2044510435
3423484984
3821240689
941036157
1898437451
2108993865
1259642227
1238842135
1941009878
391998369
3602519877
2708755082
1160291684
2320910896
1688406114
814096565
1644912274
3051954491
2450764345
992189578
969451798
2324784541
374985924
2639021464
3294200511
2553020033
3219660031
2177890190
4286115815
2399042640
3888449582
1350756568
781025715
3625661399
3007150028
3615278008
3426453985
3097368480
3782872909
2700399634
1296115534
309652789
1322471930
891266205
4199143473
2642614313
830644176
704449615
3502567694
1326508508
245221957
3701757690
1164946127
4205639174
3479202957
113825886
2374362040
1580959294
3093554655
1046345883
3750342697
2600639793
701700372
831605086
345367319
1580299550
391245330
518071634
307570505
1383372503
1231910933
3615579341
365748099
3455594951
2199681400
3348595078
2014865140
2255441560
4108946935
2564782250
4153061113
2867827786
4182027020
1253100932
215501408
2225471666
1611344022
2995347619
2517251027
2738698766
3550535823
235469302
2409587238
4129451131
650622837
2071419397
1973441030
86011900
117424411
4229021659
469612925
3684160922
2103026724
2588035387
613661292
1000786555
1822932061
2076562277
1563842613
1703105222
892101115
3323967266
4218562079
576845814
528442259
4130946657
2481330750
1638132244
1050755996
339329754
2620237196
3663250707
2354133087
327546219
1599518117
1801081148
2769536047
1011022770
800795750
2999347526
1721004029
1191173485
4258715562
1836754148
2857256764
3832794197
1019564991
1429992150
3207423340
3596010096
1814495683
1880895875
3273146053
2213304472
3314123039
2551316149
535516408
3041889966
4176144531
2928227519
2471227651
3205512621
64673556
2909883175
347238530
654846804
2192917580
1413793095
1280604573
1201264748
2642857874
1828268174
2458446141
2392052213
1025466005
4125711065
2511182806
3653067994
3595415204
3672788083
2764517996
1931921489
1820661061
1364482501
1167874893
3316963806
1302195153
3736935964
3521236911
486210818
2949654635
42382683
1800780421
1537760128
2243430939
2158080159
453637846
2674746554
3595282047
3127374928
2135230621
1351211978
2646388094
3403145474
2114987742
40759129
3740637168
1501498753
4040693529
2171706951
434402903
1197830885
1462656295
3855774609
658052468
2438414514
1946890024
3002237501
673438806
1036348021
1453806097
1965103004
293194490
2628756740
4199566593
80748158
31973603
2114863039
3824940863
3212047267
1060780064
2743209735
552631372
130336239
1281291247
4013879876
4012131886
1147333884
785367871
4231264981
1068322925
3573994164
1831551466
3021906082
3926535169
2730497521
23008271
4047567995
264748505
2078121743
3656448263
261126362
126722065
3657504369
291970841
1911660112
434440263
1350858525
1198644172
498913153
3438809225
2164824541
2308821574
3710150266
1181198909
2057557604
1030111245
1677778604
233492474
2902436482
4205325109
2192793593
905944361
4191328459
697087321
3411384292
1501450037
3841151507
891367894
320692835
3592828906
1669243419
3928078055
460225439
3887725187
2678602525
2209469209
489789242
427009530
979348921
4208695805
3114258748
4245932151
1015509123
1997027922
2208640520
1390445772
139249743
3431264808
1327663704
681935821
1480381211
3442587723
461684551
1274311053
1192810680
2374732673
3099074463
2180642665
2675349474
1769875889
3801814409
2975371269
2298500203
88518769
1795627625
1906741513
1762694256
155651955
1895251221
1943098090
355380017
3937605641
830509366
152265844
910642355
1959476218
3015680630
4196886782
1989141223
4264456538
3876955648
1516243578
10988389
2058772153
1709938220
3110257381
741235751
3854728437
667899211
4115970476
1268436044
2898575938
1277437585
1114183966
2442259497
516068738
693643662
2191058317
2388186053
2369540740
3307749613
2215565734
3986320359
2797499420
3879849223
483425244
129876597
3693565950
1971316443
4268601652
3675474185
881890886
157574347
1179431103
3406559755
3214980745
191403310
2303910713
775133862
967469996
2797260443
2901000173
2617168738
3979749426
1652761862
844128452
101468105
3296498142
3374181064
3735850632
3370682863
2292120378
4021529343
984609629
4281718936
1569294468
2559069587
2228826663
2468508755
658848693
1404784646
3036702519
108230460
930336018
1020340698
312320829
3660829919
1028518933
3745599609
352820905
2045418714
2848826702
3662996396
1312475332
2894873316
3291366554
3830030743
2585360911
2543908523
258650414
2870143785
783457998
703393709
3472545411
2909287045
2200458599
2237034800
1729300846
815194311
1846312337
3352894519
2445507723
935903178
2348590086
3393217519
104790215
4018961188
3350350877
616681926
488399839
3325948460
3743600399
753987800
252544605
3630553080
1568640083
4173673886
1398401998
2663181764
3470540896
3288729818
1619894435
3658103443
2745775019
2470097083
2869672101
3146406787
2780315167
2212623439
524613549
1333448758
2902680239
908785706
2944576805
718430020
636767271
1153594766
660136270
2383734638
1316414047
1847980615
1596226061
1201723916
228641692
213500570
2619975325
2590627103
2639393817
524391546
424125881
2052824510
3118195005
3188971711
1032583328
3213494355
2693087184
1409089775
3490643580
4024943096
2082439931
4163875208
4212687299
2283552100
3285598710
1679778173
4128755974
2098225542
102264356
2262974843
605534681
2073926245
3651557658
1704043088
438635067
1352906604
997639369
1816960125
3385319416
2113898055
4167332262
1192914634
2800525656
3390408280
1483050843
1492499761
1540562410
836675341
3933265063
231374396
2816723009
1015290845
1102960639
3716153192
4294345810
1749362159
1381955999
4019843501
2669337141
2913163403
898152662
2341299282
3594855648
1380847195
3773149808
1529285333
1890408271
3581213512
1337231683
1217674195
1136474621
3550469264
4257809665
2421169069
29020772
2904968062
1689775241
2127074084
2301775253
618223632
2508259835
270513847
4218125529
3083702942
3643400371
2651536551
3016392499
2817736581
871913472
2239760159
7467180
520800204
2893859070
3431982764
4268410379
2892018901
189618015
3581277236
1598246270
886564573
2121128193
3717208233
25861072
2847738462
3500531998
1578233232
517540980
2428979178
1954459399
3941626931
121846926
868805658
2395055561
442275663
3379884310
1326541546
380546121
3938752612
1233538873
1693683724
956351198
204334123
3728913941
727798032
353435688
268600994
678045722
2726407597
450548454
2905499664
3867216901
281041120
93193083
3761748156
2072756964
3157147770
3825708676
2062041658
2216930901
988110397
1440993828
1025656308
610225843
4109056433
3013284475
2972170810
2074323148
982303191
3424482390
3611651154
1455763289
1391828581
1508269095
1707242060
656721265
1280776177
1904154069
4049425016
3576138594
2025202825
1648924548
2306362903
2229366807
385971548
391497525
1551062518
895444697
4134378288
3652389025
814356244
2708557389
350540055
1292988888
387812453
3636876498
1699553867
3525621792
1266813092
545931602
2752851220
1389445174
335769434
922070845
1525928034
1023812639
1648492336
536021940
817582032
3036482344
3501359795
673919004
3003238853
480006471
3306451670
1194158441
3600194880
1775501479
1074429240
2815656437
941579005
4121942632
4255547868
1746781619
3696966165
3013695331
360067881
1664260706
698754575
1650523564
265998266
2902174405
3131857716
3316860473
878941614
962259162
2928520328
3670573923
2285254996
1670728163
1419655509
3818214006
1428646203
1989392128
997195790
59246
242672541
1849285184
2644773550
1084941214
2923029403
2654581321
2602865934
1230037296
236128942
816508392
2933820834
3906613229
2734609828
3982118665
2767230103
155809484
2540487922
3427738110
4062176526
4266713559
236813389
3620000818
1296247208
848987406
2823875655
247756475
1198239746
3137349165
40032248
763333395
4172364675
330841080
2210366104
4163473021
2565331260
2106838136
1019707523
2013804954
2207887335
2600367820
3882666628
3433582535
2231138474
3347751293
2853687924
2099726859
1956688524
187223134
2361778772
1579501073
1415651036
300797687
3706680582
4149241417
107257715
1240937137
