659472824
3871641900
3358935969
2232122218
905700918
4202542016
2069707515
1942057194
1802512380
2709665919
2643497843
3333428417
439729159
3016091813
172446247
3774650290
2572636347
675298369
598242830
2051856467
2191685163
4212682235
4051271593
1924166516
1190469864
3418305108
3935000374
1709219569
3352541867
2703207548
2535489922
1985131385
246066944
2155498974
688145634
4256500350
1782419042
2861688663
585741975
98386509
102418425
2692756180
1755125489
2438645713
677655858
2943755110
4192091668
1607898272
3023434138
1096515994
3645604741
3119487763
1509631209
1613086825
1543476869
2709381297
2490597520
1947385457
1684712694
2450195662
3698495888
3538055274
1989021118
3349319242
2928309741
3669764902
2458193672
2415475420
3589392489
2567324446
35659182
4043052612
1820968150
1063114581
143455773
1912808951
1007550774
1271337705
781089800
737182978
3164614704
3202072057
2073581458
2237386547
1425616000
3105794981
2538499771
179336131
3644144331
1141176130
2992202258
4215459080
1126615878
280891928
3272989281
2025698095
139365883
4113206977
1261451793
3623417102
4160421235
1972164851
1280014866
1617278375
3428915458
2213547272
529470136
3714898434
3849809647
3907731006
1041127992
89673444
2234229422
1853603793
2472141967
143066608
318708520
4223450548
1121773397
1120136898
1150819656
2349916551
2871107913
3862896052
2469992019
1047800209
295273042
2375741286
1399550302
1878413657
2976862623
2604926961
3083604776
609362784
915526686
1668736034
2103459253
3065310535
2836934399
2970464847
3349568497
712188105
720914219
1063745235
2781073200
2975012517
4067957866
4229442663
1015797485
2472273307
4271440021
4166376871
463115981
2002374298
2352306318
2706003299
282808871
3044171859
114816225
1591967241
4278185097
1303781868
898829328
4178675210
1366262342
857224880
1061081392
1189116482
2110847276
1602365621
4121710315
3660782050
88465456
1633524784
1846979924
1799746231
2960365153
1786783565
241541808
3492308119
1604188501
2947219567
261300816
2071156843
1566939962
3263427610
3788730864
2597469639
3047368408
2916813057
3089047630
3992609241
1857035333
1397599300
2834842561
281918320
2060195003
2036973225
1108345335
1543927412
3836504521
2001008822
1936835269
1562599510
2152290151
306665292
3612959927
2899981995
981810089
1236560560
772849677
1473105560
3723669466
3315944251
1197267897
2637668689
687194594
434291104
3159519202
1022268332
2760689384
2659178304
2310653338
1855610868
1332305422
2241848016
1304601
2785633137
4048327581
2866001816
281646863
2464571978
3075192643
2801800749
3398150962
2942928497
3096671229
1900804230
856313716
1166231800
1407433303
3048780677
956560550
2536081462
684192609
1043280047
2306172350
82093759
1091877784
550066377
396783963
1839778215
547420910
4024520009
826874670
4287578608
2165574152
601142712
1785543396
3117491168
3286107308
2450678409
2856573368
1555293003
2539734330
1602243690
3959283397
2485353220
548398652
3775081966
3857956791
3668654772
2834221243
3013397261
777074497
1906025449
1560321793
2778764407
936081258
3530711803
2684294637
2491457155
200002435
15944362
3329389925
4293627370
1997072257
1584441584
533463174
370142241
2097688511
1567090270
266048497
312589900
1130906703
3761367139
3433439321
365132498
4124871992
293639796
628615844
3194896129
3839270165
4096996194
4135724905
2410609920
4064194026
2748064490
2575541331
2386981955
2352948157
1456750680
1194168880
2154215848
703015988
752197220
2086494657
1733485460
2726421165
2452296573
3414480862
304118838
120616612
3369085813
3865645208
3910254299
3044870597
3214760287
3352548373
2390610330
3606360697
2655587240
2220197218
2267859343
3071662018
2477990685
2438563935
304501097
413626953
3916917218
1712112482
213060705
136617217
4212052158
2382134918
410369978
3526152722
2684913823
1298001397
671816598
2479071049
3497855617
4198912875
265725321
3060078028
2616727337
3709313407
464295562
141405299
3782646466
408451544
2741711113
2598870358
1831818608
609106778
69977684
516650221
70076441
2702360738
359948414
1848585289
4110465233
475671093
498496023
1489631811
895199769
3481688542
3303014708
494965243
323590330
896709063
3896892559
949945759
106755191
115365132
3023966448
1678524822
1787613525
53470092
4140877318
2555777321
1972115460
1236657850
3498612450
2853249470
945811559
2421783401
1723130374
2776837745
1354191378
3118873136
2131111177
1585981831
3688608646
3089886583
743106074
315557013
2554654472
2088584711
2331534328
1466366451
1664574640
1005882473
2739502800
2510661194
2359515092
2557390933
847483401
575006928
3020498916
3943410978
3213356998
148938424
4240663393
876500131
844372117
486735520
886603366
3158889875
3289080639
312208521
1763624527
3924765689
1351951256
2530707303
3163335196
2683825422
2550915406
2613117406
3496087286
4127183407
2795612451
3289177104
2540042047
142180667
2933291232
3504095454
3964248291
3233596400
4292206481
863969326
2709225444
3710586104
4014841712
3929702102
2202560649
4007871377
1258484218
612864578
2915062287
262627773
1240374905
2803285971
2135438820
3953801398
2315986741
2330301035
3994949147
2454850663
803078060
1931046373
294827321
3191709889
1018299650
1662492475
3787815007
2983202458
3988728103
436436955
2948055199
1962795148
3008656536
549215667
105043822
3888328761
565410113
2163535659
2570206044
2577989060
3258044781
1834891190
2515425705
198532521
24197686
2797592402
373196107
4056150962
654228314
1715214363
1449740270
1066907644
4274331517
2663837403
160985479
4022475256
2040887229
951781025
328631817
2453516609
1635479554
1558884545
2158074800
3705945292
1584338566
3321132632
3126304030
1074967313
1832080231
693308960
338089266
3013616872
1847504237
4259790197
421654782
1522493377
126069862
639783737
3113477474
216635598
3427826672
86457276
2626472498
1215158984
1427820057
3034164730
3181238319
3342174093
1093412968
3547174343
163182817
4026650637
3633398906
2542058863
4148595926
2734343998
1684725769
2195065946
3017018818
2891672551
288099732
3858520872
2721321127
1037091103
459173093
3627437468
4196111684
3597542473
3350303685
3210783831
1563202958
3989973302
2951662330
2527601302
4104744018
860431120
2217050400
1109234183
1689084779
1362704903
1443664341
3654314668
4147809970
921514062
3845261111
2255558827
1267845117
1070925483
2654282786
168937063
1098029315
3332194392
2053836840
1098811720
840970962
669019732
4289713547
2247258488
4140456780
3204050887
357094082
2992511282
61127913
394269425
2845296306
1432840156
1395595834
122487622
4140418024
2238004504
3975311163
1990378857
3220697041
9329249
3277766057
1435059518
2609220165
1616216526
3124539991
2745229154
2964312613
2309888983
3995886490
1552402368
2830493347
2791624075
1484119220
314286057
3665181080
2134241943
3196994195
3153377690
2938936487
3036918197
1995879625
1736680150
1213658691
3996386365
3891432840
992572908
1621385359
3377711182
1001994804
1072854536
1545034488
945545190
861804775
3132281877
743210543
4000626490
3991517950
706126967
1922062964
3201757156
2400459859
3657218610
361593674
2852614655
2905500909
1012317432
2552213519
2752708458
3860385985
3046423133
1830631972
3631663832
2015990416
1920212299
531761427
942461717
3318622330
1967333982
3291904388
1828365110
1018884251
3883184045
2865697793
39316061
2132069511
3543132685
2949490101
479657626
4009332239
3132287164
3978278269
3068840155
2959515357
1828767704
4177480358
2496334731
2218984369
4143226312
1157366353
2791328235
2791953126
988214451
4277879503
4233831167
141274309
596846009
2614538572
2153595440
2338740962
1089316963
3256177512
3034959958
1016420930
3214181244
2310031021
3065788270
1474798471
3307349546
1406109434
2089648087
2323486317
3984160829
1726503017
3036197825
2610814787
2874133391
3249841547
4230046605
3138358366
4234401308
2303695228
3899854577
666561321
411391406
1119706045
2713382161
4262039228
4293980235
3658530162
3683108227
522696047
683984382
190077798
4208767640
3866233743
2728400430
825337154
3058905575
1049829653
3253788785
3073537686
296284280
1949282356
65383174
2061346492
2389475105
17909396
2066412786
3428139596
3565682488
4280757048
889334136
772709318
1773419002
2763685640
2165745885
2911980784
1031461276
2501328788
480335689
2999859680
445387320
2823855753
1077862392
3254661822
1415031887
2654576902
3263438936
1983120221
1372044740
3535971716
3568723139
2011985301
480059984
991685342
3694977192
1251314765
2976646983
663602053
97591083
986995251
2395928244
1348599516
2844678120
1518986560
1119935403
726667428
1391599610
3097556262
1788158481
219881516
690121417
3678603087
3356177424
117413205
252222369
4166940187
4231089815
3756231766
3770373387
3098948518
715724882
2186770220
1108147809
3947629991
736535740
2574453691
1581252292
3248413459
1500774714
3971548526
2015406483
1086057742
302640515
2414331877
996556192
1740810085
2621919670
1298323623
847355047
3787420704
1947943485
609467672
755426801
3004890913
2907358876
3972553690
4198640745
1313205389
603901502
400672062
3994859774
818977890
4256514521
2917309021
3757853256
2151255480
3916345610
3093092389
709111355
126718163
1301408272
133568428
2547080337
1839173073
1040470975
1275395963
1364134258
1717626512
2741474395
257307435
2065225876
1171869496
1898990549
158147083
3097287278
3303096298
517276774
540467131
2464547854
3086777904
2494090436
4020070272
3331808825
1532430229
508844020
897239645
1031617246
3502263090
1398023242
1136216939
3193471689
3753694723
2558704716
3458542414
4186315181
2988351216
3286726025
2855263779
549775831
16503209
1803491847
2198751450
3533204786
907031865
3727247868
439949506
3193114049
2570287292
2711844115
1754476819
1168862648
478536576
1755782283
2438495634
2737672015
232159529
3140723257
3132052410
1307851389
1446518713
3748527475
2738239301
2741207650
1471421801
928443523
1655827341
2005730246
2690273973
1486326003
459679216
362922225
595798924
1341354481
993110597
2861347520
3332251012
219671723
69331910
2517188315
3201988484
4120269887
378759257
1249529942
1171296610
2495869567
2073567828
4277305551
1491204726
2390609383
2258137576
4122076938
376104788
37221631
3628861030
76948725
3085544706
1844838502
4267460218
3763606130
2112162408
3683956930
4118871062
184601630
1422088808
2948317066
756200358
2768908366
4240275824
734331711
3275015844
411408297
3492781633
1917538204
3021073111
1363308982
1692582647
2455720182
1121774566
477893023
2061804723
4273680408
3196839246
3858265284
2341863490
2057310899
157667955
408883028
1070587172
1198556011
4282010419
2177547601
4094859071
3584190053
1119833102
3249376083
2134168126
4092729945
914645509
421136454
2693344248
2445672712
3970649566
3484257338
3766740369
298048559
2557505441
2267343516
1764227613
1436511702
235810943
1663217245
2543591710
1898364254
3404247444
3815508839
1167485625
2628277390
1374279105
3551886644
2751577400
3965854954
2156357768
3228983516
3666497265
838784743
3026506792
