43219211013577
253731923560794
220131227682012
146284361731724
59356015383037
275417793613721
135640351766454
127274660266729
118129451363594
177580665695039
173244274670175
218459564765820
28818090185085
197662593077419
11301437297734
247375481417276
168600295652304
44256353969559
39206442164325
134470465457045
143634278906901
276082342999924
265504135135063
126102176825148
78018633054031
224022043569337
257884184575959
112015413678172
219712183823248
177157409891256
166165867536916
130097570469145
16126243276350
141262780809905
45098312276419
278954006971196
116812614357379
187543628261912
38387186087808
6447858303353
6712093916119
176472469039971
115023904057057
159819085483078
44410854326267
192921934895498
274732919566172
105375221207558
198143779711232
71861272200655
238918352312227
204438750049204
98935190931660
105715258163543
101153300136159
177562012727080
163223799100182
127623853360687
110409331133526
160576022920030
242384626555358
231869990453395
130352487990033
219500985852666
191909707240429
240501712623624
161100180493105
158300597190185
235234426184282
168252174955164
2336960199438
264965495983641
119338968722205
69672277198142
9401517581251
125357847430823
66030847567629
83318387840968
51189501181665
48312023709569
207396189300883
209850994343331
135894234487005
146629364771018
93429170187062
203541379928259
166363120999975
11752972730694
238822642933324
74788118861264
196096967226180
276264326286790
73833898212003
18408533455213
214498625536009
132756150357475
9133482512370
269563132472333
82670504743172
237464263208195
272657366105995
129247795687332
83887054261471
105989955631711
224717403520859
145067034068352
34699354882870
243459583834545
252301125030814
256097059241082
68231364115409
5876838882505
146422459428966
121477778193616
162014295971036
9376013260163
20886881627137
276788055117155
73516541399424
73409291792592
75420116986203
154004131126480
188160928194809
253158755707543
161873397019785
68668634534571
19351014144239
155696580950328
91720928629932
123103717427812
195091668866404
170716493379320
202087122644938
39935199414177
59999956958730
109362284737504
137852305614856
200888191284758
185921332787869
194672384226526
219517321037953
46673959657844
47245834268305
69713607736507
182260413292155
194970420318782
266597686758443
277180754414139
66571304015159
162022903484717
279933093219271
273047674666564
30350768955538
131227602013975
154160746906424
177340632247973
18534162228056
199502846977286
7524596166233
104331165167928
280375138576765
85444648512244
58905678886149
273853658598483
89539368849313
56179089747872
69539030167402
77929937815054
138336487132011
105012633342999
270120407222853
239913012448850
5797672171146
107054680298685
121043676325189
117948168998615
194010490689741
117098647766461
15829683953025
228871904926648
105132097612275
193148981593136
17124610310051
135735334922491
102690977383831
213871991871655
248298265931326
170227770292020
199712336025236
191156260507735
202443825480282
261659639250309
121702667633046
91593067728110
185784242128378
18475799023763
135016939757110
133495077316242
72636519933391
101182826900725
251429160293995
131138114216173
126932436254488
102406521517031
141052487351805
20097616615348
236778941793244
190053220072389
64343906024718
81039232897067
50649476433063
96541446017339
244034402135798
217313722463632
78464148931766
172862255221565
45035984973240
28461701832367
207062250480826
66995377457138
180924539479554
174271909391285
151430977188279
121609313886370
87313968159483
146921751636073
85498338866
182559253274722
265311196401420
187826295015714
18458008847253
161518189186337
201535825060602
183618813937723
222701221479918
192867761990869
202943445716278
124571106040315
56119375730445
76430167259282
92237549001088
199804890489753
62689152249457
166204634696083
44839246843694
68372401168612
151137311187449
5380096616226
71557302488245
36049150111724
26003633838607
120571705104237
35875776762467
263750943371758
54190058419803
280990751701664
141923067625737
39396488811215
117017372053521
204307901230312
215358328598856
160607660252676
187208392289695
101927682261442
166444029087821
105004642514692
259475596741101
162880108664736
35939854119556
247403771770398
252835056308858
240428959161632
185743523417857
197486002953141
50926354250023
124913283887005
102257249083119
182109104183279
61347021327269
231388728758575
175917933376907
163280136136360
13107359645039
1044929728210
218194898159863
281387163363049
130880127488053
103837963667930
34961042594290
24257641912756
137474114296502
102700827956553
17435754315061
20485891722118
74115101710996
246504956880907
225013879358148
23929323408779
270327610871052
19243977690465
41196968004377
209380712761848
251610409580470
268500742596009
271038867408858
157981731774018
266351019697702
180097154463139
168790676709665
156433249420003
154202810433559
95469612588163
78261051780964
141178689850953
46072855810336
49295997016964
136740513844581
113605703136125
178678737475437
160713708217987
223771417836443
19930732203132
7904730335768
220796407871384
253338924400444
256262425795104
199548639450065
210682530206732
219712610180920
156671038608670
236346454648232
174036565371069
145502844917617
148626429952035
201304442031106
162397597597235
159813726107994
19955783950055
27107456049467
256699086832700
112205003622375
13963146392164
8953345965903
276041050243655
156115594009649
26894006893515
231089944820974
175958512318734
85065819592028
44028172605906
162468400319891
229235465746909
275179954202148
17414574649289
200545273660684
171489842810731
243093563479985
30428073958881
9267137711033
247899518816126
26768280441585
179680779539667
170319567834293
120050064299559
39918421804896
4586057543116
33859188914755
4592529699781
177101913356363
23589579270982
121148885540435
269383449551648
31173580776913
32669435367828
97624510367431
58667812079564
228175940329758
216466371919979
32438042166172
21206815875795
58766725167766
255386750774196
62255645307111
6996308205910
7560569333740
198178665180552
110003802742135
117153039976837
3504215971016
271376535950798
167495422559907
129244558798170
81045608902377
229285065559713
186990557319124
61984706391351
158713996979287
112927072249653
181982838515341
88748286190938
204398469875623
139664502151955
103938905302088
241736656288929
202498807153792
48700199692216
20680344458668
167421835542253
136877487659916
152799433742692
96099791797896
109089563658286
65921513771783
179536055528919
164538692020984
154633181128957
167601172190022
55540672170092
37683654057370
197951416975510
258435381856440
210590564279108
9760828576564
277916116171131
57442312602891
55336771079845
31898699099049
58104438242994
207021006868069
215553188791358
20460897647778
115580897059424
257213444227684
88601477539382
165852433814893
207312335409499
175887182888248
167176792049532
171253262373485
229119576389078
270479091780922
183213257598273
215559510742835
166464195649942
9317952197916
192236174241755
229644399691450
259800976007704
211916973728969
281294043940399
56621093759382
177551798707232
243176970937822
263116666467341
257536956976571
144347014716280
262659858602733
82476021766371
40164693029717
191041522066165
17211573768812
81289209829504
183716149440820
139948118565915
259116328459890
151780507071182
152718608661610
261812987340979
160881093065854
52630523754651
126553055121507
19321803320637
209171899302870
66735285864035
108953106895463
248238244332597
195507156335344
261405285014374
28602332347542
193203745523056
128633742837892
197175314786108
35993398008191
6884151981091
254825513685933
37054717186349
141789472975438
168441023318197
168951091087120
213519222799999
120251429050738
164850939023880
13011027314742
1585819579569
183343015697845
24457780098056
265823909505670
42875506802304
112408288557715
95010178337243
69920859377289
280122590301890
174577248093685
10550344357829
263616938428949
133751585495596
62375921301250
21537214770567
160793664533244
107182788078849
102163057589002
141431590149347
242872830670688
103831212289090
217653748229113
204885460914335
70449057865754
120067210049757
45436696040750
22157018145990
197500395367989
121078037686419
279169610351588
27633567797105
99778126011931
8262114540005
41928867008903
204044859769006
14197430564286
224646048779323
5666064076594
172128501690452
79636659192029
93573615306934
198847019762220
208485634530754
219032721422287
71657912333219
232467617777724
10694349145510
263890576166056
238118430749667
166596369710288
271882382639294
179197968310844
110410187997482
143855841850705
197723345286258
189508652363493
18880904087566
252872023902351
178344501408477
67966802577396
30092367833395
237727741942818
274996375353971
235768543572135
219565502336346
210421929162318
102446069087652
261486890382235
193440142465979
165648878966584
269008503971257
56389213921044
145296615076219
72694771426768
110695860090882
89306228561665
94611986315183
239489166126052
271830874232513
60392345601055
252003032215205
147820303286995
83089497634058
70184172476208
173951076704597
11071459389505
71960449229131
218378691719005
134600251176697
72011724915521
55113873009559
43844877198267
281130667042373
147276332323491
271348975550773
209980678979100
23402517768368
196117219402000
4006078920238
25838841067731
186469338724383
93902612527158
91461768603293
8027348832711
271346435633359
146669863205992
260525992437568
130441468795741
211071601330934
611401716559
214811676346699
94048060636466
170997852742939
105920366303705
204769852857916
179911337884395
194269191453683
151380884416750
261874417041698
101738241593649
185499212023324
182951875410275
97263237218413
20597051072393
240201307259020
139869680016345
209518211595725
206659760298053
192606141617162
199027470958678
130801967134589
113815070347456
79538335990977
261907176858706
255028942661682
65049258110671
106259110902882
221361680047293
65666731506550
70310594928258
101255380207705
61967249595565
56479237795150
205277225091396
48707046206206
262185057704066
261588120418467
46276736932816
125964318457885
209830357027572
157316537332625
239679478835096
23697403031161
186948954035608
190414907613951
66343235282463
167261865184985
180401501550815
252994255958234
199650386475926
119972296935349
238004720931171
132119947951519
125843033263958
34849516890893
61765171091722
217489233045504
128931199845871
215738245981392
119823735895616
66773598310213
254488349588780
187806370624949
2576617419019
139727307516471
232202743692374
193297783314048
31434842190776
262755597655509
205277571627463
260720444669102
201119508415650
193954798474621
119850120286211
273775352750679
163599792958306
145423359628634
271530479624670
75849161312225
182932487218087
182973440104821
64763622310724
280355111167370
277468359368836
9258553143104
39114900073765
171346399872208
141138030765298
153271727743393
71389476547539
213396849439093
198899135827426
66612162121503
210644582034369
151390193003792
200919500091070
96652392637752
216750459875374
92150787925227
136947177075354
152271999308992
261105964148173
113148101741047
198980260686163
171102357945851
188359205953355
212981615669990
277220334313484
205675453907200
277505724179607
150974970498549
255580869600041
43683762760972
26960947213576
73381055420110
177824213338684
279317002897293
281410288729690
239765432724637
241376180765087
34255408177097
44825600488844
12456938580117
275825796086523
253377494638641
178808450622329
54089295784285
200468435771596
68801636196386
213240301859082
201427365805961
19417286602251
127748168509224
4284951749555
135092403701349
156596640505635
1173710196200
135424428400648
224666556571815
233680567555056
280543693943634
58283401948265
50640277923305
116222787733009
181120902119502
141934322369533
190839572664818
67597846189370
163927083464379
31479279736729
196598804019822
29188903432024
185064210678195
70638789785602
213297517189544
92735529797853
173970351902789
213872734133296
129965766807412
89918324116303
231733442397620
233879839693092
131857468686704
31461211128757
64991090574487
242154025285398
82006164441655
195077536701139
43489824155150
6395729273481
64683720814334
157019553452522
88381817905294
186428825291630
99548303228670
73396086607910
47622876571982
91199872092366
203001447242835
117188754265859
14410155040974
45227797206615
241080931932692
219950443660576
7694791829587
16529645211405
273084592148103
277288702148626
246168405045247
247095190347787
203092690076318
46905745917789
143312173167346
72623574818908
258711879143722
48269606309047
168719397155554
103628950219262
212888024495088
98354771659397
260279404255014
132081679334516
71175880198812
19833848823689
158225653915167
65310306626688
114085729789486
171830127532331
85086936986705
55532260419451
248212403296969
127660424246055
39942073399299
49507650839269
196928530901366
190536671345930
260345278672918
275162119898945
86062228376779
39577288841111
26258444301221
261807130165042
53672535007282
278954935668081
191188764023978
246274671038759
140984679152265
256661625957908
202708902822030
46472321793110
8304601539392
85289092528281
8753540529184
166925456969016
120532046566162
68188305846504
83584349866275
89399902775747
112566371100093
179665266001599
16862900062654
135346643035344
76799639325128
124452244663640
10364327254537
202983819107573
216471719003000
33900250692661
35420053935651
161516608215937
202295076766977
163452710865836
263459325347808
218353423162246
100429347528028
33347601748944
58801497433998
67608067840946
229524313887632
91620851216940
74463113320751
209287360657365
246002137391012
167687272289149
226659035662725
274354351748575
195844585335104
215398876791840
187122567043275
36030108911160
1081554331226
118193641708182
144097375077507
231552108860230
59443240318678
244268916326432
28832530848663
209263922360745
168446348022406
177723415921504
114981392837265
76602582557001
31361373073401
115066947745513
159809249901858
179416073219320
15214806900026
205830439403069
205262186767170
85711348662425
94799050406661
245663496609121
179453250830504
179647784584185
96431099177758
60846474731806
108516300678561
131447537456320
176309795096600
97407860960702
30125537146640
23784470964452
39046278298635
87907007301128
65084496088489
187521271111776
218382402326475
14396406090650
4543736080667
164966453476216
209845517332305
270026007358331
24822366727258
81889194311804
76762094638530
163569307979722
135893341200856
280317496640140
97727592953357
156670976550758
147989304235929
270144434247224
24648403397102
2439356810102
237821036490700
5042911662857
202214257872433
120903336071962
279672272848962
246651691376040
138422675584158
241431801426528
269934333982689
12098052473865
93198012150872
193220907251341
49558346705966
181463178708719
277890716406923
48125163037634
214631438381120
26962054193559
228902937160523
125667783802854
197989047444426
89345817455981
110925096417081
160938077905587
73516617982561
31319197212476
135122434353488
280079919250201
209508056863176
252855273700264
153476365734853
134827927135021
10332927099014
26796558184743
70162000951095
78548566751543
280625834821385
142707759614524
268360684118566
234893479375443
73389382175612
212951110984629
139864842346134
268221149739402
59942208115258
27599598661910
176511008698503
160279606861285
260220490015485
228344288942167
246857096826670
19532910414090
167608676598101
148592624701466
115620420897873
94143230963975
15454106015136
109000605393772
166696826351405
124411199754403
223100760490496
250053187311196
76512337941609
172246787080269
90064755445918
232776443165846
180327376546376
259906270321486
141319062703154
211614663714344
240287564759755
54970596946897
198345149141265
